0 0
0 49
0 98
0 147
1 0
1 50
1 99
1 148
2 0
2 51
2 100
2 149
3 0
3 52
3 101
3 150
4 0
4 53
4 102
4 151
5 0
5 54
5 103
5 152
6 0
6 55
6 104
6 153
7 1
7 49
7 105
7 147
8 1
8 50
8 106
8 148
9 1
9 51
9 107
9 149
10 1
10 52
10 108
10 150
11 1
11 53
11 109
11 151
12 1
12 54
12 110
12 152
13 1
13 55
13 111
13 153
14 2
14 49
14 112
14 147
15 2
15 50
15 113
15 148
16 2
16 51
16 114
16 149
17 2
17 52
17 115
17 150
18 2
18 53
18 116
18 151
19 2
19 54
19 117
19 152
20 2
20 55
20 118
20 153
21 3
21 49
21 119
21 147
22 3
22 50
22 120
22 148
23 3
23 51
23 121
23 149
24 3
24 52
24 122
24 150
25 3
25 53
25 123
25 151
26 3
26 54
26 124
26 152
27 3
27 55
27 125
27 153
28 4
28 49
28 126
28 147
29 4
29 50
29 127
29 148
30 4
30 51
30 128
30 149
31 4
31 52
31 129
31 150
32 4
32 53
32 130
32 151
33 4
33 54
33 131
33 152
34 4
34 55
34 132
34 153
35 5
35 49
35 133
35 147
36 5
36 50
36 134
36 148
37 5
37 51
37 135
37 149
38 5
38 52
38 136
38 150
39 5
39 53
39 137
39 151
40 5
40 54
40 138
40 152
41 5
41 55
41 139
41 153
42 6
42 49
42 140
42 147
43 6
43 50
43 141
43 148
44 6
44 51
44 142
44 149
45 6
45 52
45 143
45 150
46 6
46 53
46 144
46 151
47 6
47 54
47 145
47 152
48 6
48 55
48 146
48 153
49 7
49 56
49 98
49 154
50 7
50 57
50 99
50 155
51 7
51 58
51 100
51 156
52 7
52 59
52 101
52 157
53 7
53 60
53 102
53 158
54 7
54 61
54 103
54 159
55 7
55 62
55 104
55 160
56 8
56 56
56 105
56 154
57 8
57 57
57 106
57 155
58 8
58 58
58 107
58 156
59 8
59 59
59 108
59 157
60 8
60 60
60 109
60 158
61 8
61 61
61 110
61 159
62 8
62 62
62 111
62 160
63 9
63 56
63 112
63 154
64 9
64 57
64 113
64 155
65 9
65 58
65 114
65 156
66 9
66 59
66 115
66 157
67 9
67 60
67 116
67 158
68 9
68 61
68 117
68 159
69 9
69 62
69 118
69 160
70 10
70 56
70 119
70 154
71 10
71 57
71 120
71 155
72 10
72 58
72 121
72 156
73 10
73 59
73 122
73 157
74 10
74 60
74 123
74 158
75 10
75 61
75 124
75 159
76 10
76 62
76 125
76 160
77 11
77 56
77 126
77 154
78 11
78 57
78 127
78 155
79 11
79 58
79 128
79 156
80 11
80 59
80 129
80 157
81 11
81 60
81 130
81 158
82 11
82 61
82 131
82 159
83 11
83 62
83 132
83 160
84 12
84 56
84 133
84 154
85 12
85 57
85 134
85 155
86 12
86 58
86 135
86 156
87 12
87 59
87 136
87 157
88 12
88 60
88 137
88 158
89 12
89 61
89 138
89 159
90 12
90 62
90 139
90 160
91 13
91 56
91 140
91 154
92 13
92 57
92 141
92 155
93 13
93 58
93 142
93 156
94 13
94 59
94 143
94 157
95 13
95 60
95 144
95 158
96 13
96 61
96 145
96 159
97 13
97 62
97 146
97 160
98 14
98 63
98 98
98 161
99 14
99 64
99 99
99 162
100 14
100 65
100 100
100 163
101 14
101 66
101 101
101 164
102 14
102 67
102 102
102 165
103 14
103 68
103 103
103 166
104 14
104 69
104 104
104 167
105 15
105 63
105 105
105 161
106 15
106 64
106 106
106 162
107 15
107 65
107 107
107 163
108 15
108 66
108 108
108 164
109 15
109 67
109 109
109 165
110 15
110 68
110 110
110 166
111 15
111 69
111 111
111 167
112 16
112 63
112 112
112 161
113 16
113 64
113 113
113 162
114 16
114 65
114 114
114 163
115 16
115 66
115 115
115 164
116 16
116 67
116 116
116 165
117 16
117 68
117 117
117 166
118 16
118 69
118 118
118 167
119 17
119 63
119 119
119 161
120 17
120 64
120 120
120 162
121 17
121 65
121 121
121 163
122 17
122 66
122 122
122 164
123 17
123 67
123 123
123 165
124 17
124 68
124 124
124 166
125 17
125 69
125 125
125 167
126 18
126 63
126 126
126 161
127 18
127 64
127 127
127 162
128 18
128 65
128 128
128 163
129 18
129 66
129 129
129 164
130 18
130 67
130 130
130 165
131 18
131 68
131 131
131 166
132 18
132 69
132 132
132 167
133 19
133 63
133 133
133 161
134 19
134 64
134 134
134 162
135 19
135 65
135 135
135 163
136 19
136 66
136 136
136 164
137 19
137 67
137 137
137 165
138 19
138 68
138 138
138 166
139 19
139 69
139 139
139 167
140 20
140 63
140 140
140 161
141 20
141 64
141 141
141 162
142 20
142 65
142 142
142 163
143 20
143 66
143 143
143 164
144 20
144 67
144 144
144 165
145 20
145 68
145 145
145 166
146 20
146 69
146 146
146 167
147 21
147 70
147 98
147 168
148 21
148 71
148 99
148 169
149 21
149 72
149 100
149 170
150 21
150 73
150 101
150 171
151 21
151 74
151 102
151 172
152 21
152 75
152 103
152 173
153 21
153 76
153 104
153 174
154 22
154 70
154 105
154 168
155 22
155 71
155 106
155 169
156 22
156 72
156 107
156 170
157 22
157 73
157 108
157 171
158 22
158 74
158 109
158 172
159 22
159 75
159 110
159 173
160 22
160 76
160 111
160 174
161 23
161 70
161 112
161 168
162 23
162 71
162 113
162 169
163 23
163 72
163 114
163 170
164 23
164 73
164 115
164 171
165 23
165 74
165 116
165 172
166 23
166 75
166 117
166 173
167 23
167 76
167 118
167 174
168 24
168 70
168 119
168 168
169 24
169 71
169 120
169 169
170 24
170 72
170 121
170 170
171 24
171 73
171 122
171 171
172 24
172 74
172 123
172 172
173 24
173 75
173 124
173 173
174 24
174 76
174 125
174 174
175 25
175 70
175 126
175 168
176 25
176 71
176 127
176 169
177 25
177 72
177 128
177 170
178 25
178 73
178 129
178 171
179 25
179 74
179 130
179 172
180 25
180 75
180 131
180 173
181 25
181 76
181 132
181 174
182 26
182 70
182 133
182 168
183 26
183 71
183 134
183 169
184 26
184 72
184 135
184 170
185 26
185 73
185 136
185 171
186 26
186 74
186 137
186 172
187 26
187 75
187 138
187 173
188 26
188 76
188 139
188 174
189 27
189 70
189 140
189 168
190 27
190 71
190 141
190 169
191 27
191 72
191 142
191 170
192 27
192 73
192 143
192 171
193 27
193 74
193 144
193 172
194 27
194 75
194 145
194 173
195 27
195 76
195 146
195 174
196 28
196 77
196 98
196 175
197 28
197 78
197 99
197 176
198 28
198 79
198 100
198 177
199 28
199 80
199 101
199 178
200 28
200 81
200 102
200 179
201 28
201 82
201 103
201 180
202 28
202 83
202 104
202 181
203 29
203 77
203 105
203 175
204 29
204 78
204 106
204 176
205 29
205 79
205 107
205 177
206 29
206 80
206 108
206 178
207 29
207 81
207 109
207 179
208 29
208 82
208 110
208 180
209 29
209 83
209 111
209 181
210 30
210 77
210 112
210 175
211 30
211 78
211 113
211 176
212 30
212 79
212 114
212 177
213 30
213 80
213 115
213 178
214 30
214 81
214 116
214 179
215 30
215 82
215 117
215 180
216 30
216 83
216 118
216 181
217 31
217 77
217 119
217 175
218 31
218 78
218 120
218 176
219 31
219 79
219 121
219 177
220 31
220 80
220 122
220 178
221 31
221 81
221 123
221 179
222 31
222 82
222 124
222 180
223 31
223 83
223 125
223 181
224 32
224 77
224 126
224 175
225 32
225 78
225 127
225 176
226 32
226 79
226 128
226 177
227 32
227 80
227 129
227 178
228 32
228 81
228 130
228 179
229 32
229 82
229 131
229 180
230 32
230 83
230 132
230 181
231 33
231 77
231 133
231 175
232 33
232 78
232 134
232 176
233 33
233 79
233 135
233 177
234 33
234 80
234 136
234 178
235 33
235 81
235 137
235 179
236 33
236 82
236 138
236 180
237 33
237 83
237 139
237 181
238 34
238 77
238 140
238 175
239 34
239 78
239 141
239 176
240 34
240 79
240 142
240 177
241 34
241 80
241 143
241 178
242 34
242 81
242 144
242 179
243 34
243 82
243 145
243 180
244 34
244 83
244 146
244 181
245 35
245 84
245 98
245 182
246 35
246 85
246 99
246 183
247 35
247 86
247 100
247 184
248 35
248 87
248 101
248 185
249 35
249 88
249 102
249 186
250 35
250 89
250 103
250 187
251 35
251 90
251 104
251 188
252 36
252 84
252 105
252 182
253 36
253 85
253 106
253 183
254 36
254 86
254 107
254 184
255 36
255 87
255 108
255 185
256 36
256 88
256 109
256 186
257 36
257 89
257 110
257 187
258 36
258 90
258 111
258 188
259 37
259 84
259 112
259 182
260 37
260 85
260 113
260 183
261 37
261 86
261 114
261 184
262 37
262 87
262 115
262 185
263 37
263 88
263 116
263 186
264 37
264 89
264 117
264 187
265 37
265 90
265 118
265 188
266 38
266 84
266 119
266 182
267 38
267 85
267 120
267 183
268 38
268 86
268 121
268 184
269 38
269 87
269 122
269 185
270 38
270 88
270 123
270 186
271 38
271 89
271 124
271 187
272 38
272 90
272 125
272 188
273 39
273 84
273 126
273 182
274 39
274 85
274 127
274 183
275 39
275 86
275 128
275 184
276 39
276 87
276 129
276 185
277 39
277 88
277 130
277 186
278 39
278 89
278 131
278 187
279 39
279 90
279 132
279 188
280 40
280 84
280 133
280 182
281 40
281 85
281 134
281 183
282 40
282 86
282 135
282 184
283 40
283 87
283 136
283 185
284 40
284 88
284 137
284 186
285 40
285 89
285 138
285 187
286 40
286 90
286 139
286 188
287 41
287 84
287 140
287 182
288 41
288 85
288 141
288 183
289 41
289 86
289 142
289 184
290 41
290 87
290 143
290 185
291 41
291 88
291 144
291 186
292 41
292 89
292 145
292 187
293 41
293 90
293 146
293 188
294 42
294 91
294 98
294 189
295 42
295 92
295 99
295 190
296 42
296 93
296 100
296 191
297 42
297 94
297 101
297 192
298 42
298 95
298 102
298 193
299 42
299 96
299 103
299 194
300 42
300 97
300 104
300 195
301 43
301 91
301 105
301 189
302 43
302 92
302 106
302 190
303 43
303 93
303 107
303 191
304 43
304 94
304 108
304 192
305 43
305 95
305 109
305 193
306 43
306 96
306 110
306 194
307 43
307 97
307 111
307 195
308 44
308 91
308 112
308 189
309 44
309 92
309 113
309 190
310 44
310 93
310 114
310 191
311 44
311 94
311 115
311 192
312 44
312 95
312 116
312 193
313 44
313 96
313 117
313 194
314 44
314 97
314 118
314 195
315 45
315 91
315 119
315 189
316 45
316 92
316 120
316 190
317 45
317 93
317 121
317 191
318 45
318 94
318 122
318 192
319 45
319 95
319 123
319 193
320 45
320 96
320 124
320 194
321 45
321 97
321 125
321 195
322 46
322 91
322 126
322 189
323 46
323 92
323 127
323 190
324 46
324 93
324 128
324 191
325 46
325 94
325 129
325 192
326 46
326 95
326 130
326 193
327 46
327 96
327 131
327 194
328 46
328 97
328 132
328 195
329 47
329 91
329 133
329 189
330 47
330 92
330 134
330 190
331 47
331 93
331 135
331 191
332 47
332 94
332 136
332 192
333 47
333 95
333 137
333 193
334 47
334 96
334 138
334 194
335 47
335 97
335 139
335 195
336 48
336 91
336 140
336 189
337 48
337 92
337 141
337 190
338 48
338 93
338 142
338 191
339 48
339 94
339 143
339 192
340 48
340 95
340 144
340 193
341 48
341 96
341 145
341 194
342 48
342 97
342 146
342 195
