0 0
0 9
0 18
0 27
1 0
1 10
1 19
1 28
2 0
2 11
2 20
2 29
3 1
3 9
3 21
3 30
4 1
4 10
4 22
4 31
5 1
5 11
5 23
5 32
6 2
6 9
6 24
6 33
7 2
7 10
7 25
7 34
8 2
8 11
8 26
8 35
9 3
9 12
9 18
9 27
10 3
10 13
10 19
10 28
11 3
11 14
11 20
11 29
12 4
12 12
12 21
12 30
13 4
13 13
13 22
13 31
14 4
14 14
14 23
14 32
15 5
15 12
15 24
15 33
16 5
16 13
16 25
16 34
17 5
17 14
17 26
17 35
18 6
18 15
18 18
18 27
19 6
19 16
19 19
19 28
20 6
20 17
20 20
20 29
21 7
21 15
21 21
21 30
22 7
22 16
22 22
22 31
23 7
23 17
23 23
23 32
24 8
24 15
24 24
24 33
25 8
25 16
25 25
25 34
26 8
26 17
26 26
26 35
