0 0
0 36
0 72
0 108
1 0
1 37
1 73
1 109
2 0
2 38
2 74
2 110
3 0
3 39
3 75
3 111
4 0
4 40
4 76
4 112
5 0
5 41
5 77
5 113
6 1
6 36
6 78
6 108
7 1
7 37
7 79
7 109
8 1
8 38
8 80
8 110
9 1
9 39
9 81
9 111
10 1
10 40
10 82
10 112
11 1
11 41
11 83
11 113
12 2
12 36
12 84
12 114
13 2
13 37
13 85
13 115
14 2
14 38
14 86
14 116
15 2
15 39
15 87
15 117
16 2
16 40
16 88
16 118
17 2
17 41
17 89
17 119
18 3
18 36
18 90
18 114
19 3
19 37
19 91
19 115
20 3
20 38
20 92
20 116
21 3
21 39
21 93
21 117
22 3
22 40
22 94
22 118
23 3
23 41
23 95
23 119
24 4
24 36
24 96
24 120
25 4
25 37
25 97
25 121
26 4
26 38
26 98
26 122
27 4
27 39
27 99
27 123
28 4
28 40
28 100
28 124
29 4
29 41
29 101
29 125
30 5
30 36
30 102
30 120
31 5
31 37
31 103
31 121
32 5
32 38
32 104
32 122
33 5
33 39
33 105
33 123
34 5
34 40
34 106
34 124
35 5
35 41
35 107
35 125
36 6
36 42
36 72
36 108
37 6
37 43
37 73
37 109
38 6
38 44
38 74
38 110
39 6
39 45
39 75
39 111
40 6
40 46
40 76
40 112
41 6
41 47
41 77
41 113
42 7
42 42
42 78
42 108
43 7
43 43
43 79
43 109
44 7
44 44
44 80
44 110
45 7
45 45
45 81
45 111
46 7
46 46
46 82
46 112
47 7
47 47
47 83
47 113
48 8
48 42
48 84
48 114
49 8
49 43
49 85
49 115
50 8
50 44
50 86
50 116
51 8
51 45
51 87
51 117
52 8
52 46
52 88
52 118
53 8
53 47
53 89
53 119
54 9
54 42
54 90
54 114
55 9
55 43
55 91
55 115
56 9
56 44
56 92
56 116
57 9
57 45
57 93
57 117
58 9
58 46
58 94
58 118
59 9
59 47
59 95
59 119
60 10
60 42
60 96
60 120
61 10
61 43
61 97
61 121
62 10
62 44
62 98
62 122
63 10
63 45
63 99
63 123
64 10
64 46
64 100
64 124
65 10
65 47
65 101
65 125
66 11
66 42
66 102
66 120
67 11
67 43
67 103
67 121
68 11
68 44
68 104
68 122
69 11
69 45
69 105
69 123
70 11
70 46
70 106
70 124
71 11
71 47
71 107
71 125
72 12
72 48
72 72
72 108
73 12
73 49
73 73
73 109
74 12
74 50
74 74
74 110
75 12
75 51
75 75
75 111
76 12
76 52
76 76
76 112
77 12
77 53
77 77
77 113
78 13
78 48
78 78
78 108
79 13
79 49
79 79
79 109
80 13
80 50
80 80
80 110
81 13
81 51
81 81
81 111
82 13
82 52
82 82
82 112
83 13
83 53
83 83
83 113
84 14
84 48
84 84
84 114
85 14
85 49
85 85
85 115
86 14
86 50
86 86
86 116
87 14
87 51
87 87
87 117
88 14
88 52
88 88
88 118
89 14
89 53
89 89
89 119
90 15
90 48
90 90
90 114
91 15
91 49
91 91
91 115
92 15
92 50
92 92
92 116
93 15
93 51
93 93
93 117
94 15
94 52
94 94
94 118
95 15
95 53
95 95
95 119
96 16
96 48
96 96
96 120
97 16
97 49
97 97
97 121
98 16
98 50
98 98
98 122
99 16
99 51
99 99
99 123
100 16
100 52
100 100
100 124
101 16
101 53
101 101
101 125
102 17
102 48
102 102
102 120
103 17
103 49
103 103
103 121
104 17
104 50
104 104
104 122
105 17
105 51
105 105
105 123
106 17
106 52
106 106
106 124
107 17
107 53
107 107
107 125
108 18
108 54
108 72
108 126
109 18
109 55
109 73
109 127
110 18
110 56
110 74
110 128
111 18
111 57
111 75
111 129
112 18
112 58
112 76
112 130
113 18
113 59
113 77
113 131
114 19
114 54
114 78
114 126
115 19
115 55
115 79
115 127
116 19
116 56
116 80
116 128
117 19
117 57
117 81
117 129
118 19
118 58
118 82
118 130
119 19
119 59
119 83
119 131
120 20
120 54
120 84
120 132
121 20
121 55
121 85
121 133
122 20
122 56
122 86
122 134
123 20
123 57
123 87
123 135
124 20
124 58
124 88
124 136
125 20
125 59
125 89
125 137
126 21
126 54
126 90
126 132
127 21
127 55
127 91
127 133
128 21
128 56
128 92
128 134
129 21
129 57
129 93
129 135
130 21
130 58
130 94
130 136
131 21
131 59
131 95
131 137
132 22
132 54
132 96
132 138
133 22
133 55
133 97
133 139
134 22
134 56
134 98
134 140
135 22
135 57
135 99
135 141
136 22
136 58
136 100
136 142
137 22
137 59
137 101
137 143
138 23
138 54
138 102
138 138
139 23
139 55
139 103
139 139
140 23
140 56
140 104
140 140
141 23
141 57
141 105
141 141
142 23
142 58
142 106
142 142
143 23
143 59
143 107
143 143
144 24
144 60
144 72
144 126
145 24
145 61
145 73
145 127
146 24
146 62
146 74
146 128
147 24
147 63
147 75
147 129
148 24
148 64
148 76
148 130
149 24
149 65
149 77
149 131
150 25
150 60
150 78
150 126
151 25
151 61
151 79
151 127
152 25
152 62
152 80
152 128
153 25
153 63
153 81
153 129
154 25
154 64
154 82
154 130
155 25
155 65
155 83
155 131
156 26
156 60
156 84
156 132
157 26
157 61
157 85
157 133
158 26
158 62
158 86
158 134
159 26
159 63
159 87
159 135
160 26
160 64
160 88
160 136
161 26
161 65
161 89
161 137
162 27
162 60
162 90
162 132
163 27
163 61
163 91
163 133
164 27
164 62
164 92
164 134
165 27
165 63
165 93
165 135
166 27
166 64
166 94
166 136
167 27
167 65
167 95
167 137
168 28
168 60
168 96
168 138
169 28
169 61
169 97
169 139
170 28
170 62
170 98
170 140
171 28
171 63
171 99
171 141
172 28
172 64
172 100
172 142
173 28
173 65
173 101
173 143
174 29
174 60
174 102
174 138
175 29
175 61
175 103
175 139
176 29
176 62
176 104
176 140
177 29
177 63
177 105
177 141
178 29
178 64
178 106
178 142
179 29
179 65
179 107
179 143
180 30
180 66
180 72
180 126
181 30
181 67
181 73
181 127
182 30
182 68
182 74
182 128
183 30
183 69
183 75
183 129
184 30
184 70
184 76
184 130
185 30
185 71
185 77
185 131
186 31
186 66
186 78
186 126
187 31
187 67
187 79
187 127
188 31
188 68
188 80
188 128
189 31
189 69
189 81
189 129
190 31
190 70
190 82
190 130
191 31
191 71
191 83
191 131
192 32
192 66
192 84
192 132
193 32
193 67
193 85
193 133
194 32
194 68
194 86
194 134
195 32
195 69
195 87
195 135
196 32
196 70
196 88
196 136
197 32
197 71
197 89
197 137
198 33
198 66
198 90
198 132
199 33
199 67
199 91
199 133
200 33
200 68
200 92
200 134
201 33
201 69
201 93
201 135
202 33
202 70
202 94
202 136
203 33
203 71
203 95
203 137
204 34
204 66
204 96
204 138
205 34
205 67
205 97
205 139
206 34
206 68
206 98
206 140
207 34
207 69
207 99
207 141
208 34
208 70
208 100
208 142
209 34
209 71
209 101
209 143
210 35
210 66
210 102
210 138
211 35
211 67
211 103
211 139
212 35
212 68
212 104
212 140
213 35
213 69
213 105
213 141
214 35
214 70
214 106
214 142
215 35
215 71
215 107
215 143
