0 0
0 25
0 50
0 75
1 0
1 26
1 51
1 76
2 0
2 27
2 52
2 77
3 0
3 28
3 53
3 78
4 0
4 29
4 54
4 79
5 1
5 25
5 55
5 80
6 1
6 26
6 56
6 81
7 1
7 27
7 57
7 82
8 1
8 28
8 58
8 83
9 1
9 29
9 59
9 84
10 2
10 25
10 60
10 85
11 2
11 26
11 61
11 86
12 2
12 27
12 62
12 87
13 2
13 28
13 63
13 88
14 2
14 29
14 64
14 89
15 3
15 25
15 65
15 90
16 3
16 26
16 66
16 91
17 3
17 27
17 67
17 92
18 3
18 28
18 68
18 93
19 3
19 29
19 69
19 94
20 4
20 25
20 70
20 95
21 4
21 26
21 71
21 96
22 4
22 27
22 72
22 97
23 4
23 28
23 73
23 98
24 4
24 29
24 74
24 99
25 5
25 30
25 50
25 75
26 5
26 31
26 51
26 76
27 5
27 32
27 52
27 77
28 5
28 33
28 53
28 78
29 5
29 34
29 54
29 79
30 6
30 30
30 55
30 80
31 6
31 31
31 56
31 81
32 6
32 32
32 57
32 82
33 6
33 33
33 58
33 83
34 6
34 34
34 59
34 84
35 7
35 30
35 60
35 85
36 7
36 31
36 61
36 86
37 7
37 32
37 62
37 87
38 7
38 33
38 63
38 88
39 7
39 34
39 64
39 89
40 8
40 30
40 65
40 90
41 8
41 31
41 66
41 91
42 8
42 32
42 67
42 92
43 8
43 33
43 68
43 93
44 8
44 34
44 69
44 94
45 9
45 30
45 70
45 95
46 9
46 31
46 71
46 96
47 9
47 32
47 72
47 97
48 9
48 33
48 73
48 98
49 9
49 34
49 74
49 99
50 10
50 35
50 50
50 75
51 10
51 36
51 51
51 76
52 10
52 37
52 52
52 77
53 10
53 38
53 53
53 78
54 10
54 39
54 54
54 79
55 11
55 35
55 55
55 80
56 11
56 36
56 56
56 81
57 11
57 37
57 57
57 82
58 11
58 38
58 58
58 83
59 11
59 39
59 59
59 84
60 12
60 35
60 60
60 85
61 12
61 36
61 61
61 86
62 12
62 37
62 62
62 87
63 12
63 38
63 63
63 88
64 12
64 39
64 64
64 89
65 13
65 35
65 65
65 90
66 13
66 36
66 66
66 91
67 13
67 37
67 67
67 92
68 13
68 38
68 68
68 93
69 13
69 39
69 69
69 94
70 14
70 35
70 70
70 95
71 14
71 36
71 71
71 96
72 14
72 37
72 72
72 97
73 14
73 38
73 73
73 98
74 14
74 39
74 74
74 99
75 15
75 40
75 50
75 75
76 15
76 41
76 51
76 76
77 15
77 42
77 52
77 77
78 15
78 43
78 53
78 78
79 15
79 44
79 54
79 79
80 16
80 40
80 55
80 80
81 16
81 41
81 56
81 81
82 16
82 42
82 57
82 82
83 16
83 43
83 58
83 83
84 16
84 44
84 59
84 84
85 17
85 40
85 60
85 85
86 17
86 41
86 61
86 86
87 17
87 42
87 62
87 87
88 17
88 43
88 63
88 88
89 17
89 44
89 64
89 89
90 18
90 40
90 65
90 90
91 18
91 41
91 66
91 91
92 18
92 42
92 67
92 92
93 18
93 43
93 68
93 93
94 18
94 44
94 69
94 94
95 19
95 40
95 70
95 95
96 19
96 41
96 71
96 96
97 19
97 42
97 72
97 97
98 19
98 43
98 73
98 98
99 19
99 44
99 74
99 99
100 20
100 45
100 50
100 75
101 20
101 46
101 51
101 76
102 20
102 47
102 52
102 77
103 20
103 48
103 53
103 78
104 20
104 49
104 54
104 79
105 21
105 45
105 55
105 80
106 21
106 46
106 56
106 81
107 21
107 47
107 57
107 82
108 21
108 48
108 58
108 83
109 21
109 49
109 59
109 84
110 22
110 45
110 60
110 85
111 22
111 46
111 61
111 86
112 22
112 47
112 62
112 87
113 22
113 48
113 63
113 88
114 22
114 49
114 64
114 89
115 23
115 45
115 65
115 90
116 23
116 46
116 66
116 91
117 23
117 47
117 67
117 92
118 23
118 48
118 68
118 93
119 23
119 49
119 69
119 94
120 24
120 45
120 70
120 95
121 24
121 46
121 71
121 96
122 24
122 47
122 72
122 97
123 24
123 48
123 73
123 98
124 24
124 49
124 74
124 99
