0 0
0 100
0 200
0 300
1 0
1 101
1 201
1 301
2 0
2 102
2 202
2 302
3 0
3 103
3 203
3 303
4 0
4 104
4 204
4 304
5 0
5 105
5 205
5 305
6 0
6 106
6 206
6 306
7 0
7 107
7 207
7 307
8 0
8 108
8 208
8 308
9 0
9 109
9 209
9 309
10 1
10 100
10 210
10 300
11 1
11 101
11 211
11 301
12 1
12 102
12 212
12 302
13 1
13 103
13 213
13 303
14 1
14 104
14 214
14 304
15 1
15 105
15 215
15 305
16 1
16 106
16 216
16 306
17 1
17 107
17 217
17 307
18 1
18 108
18 218
18 308
19 1
19 109
19 219
19 309
20 2
20 100
20 220
20 310
21 2
21 101
21 221
21 311
22 2
22 102
22 222
22 312
23 2
23 103
23 223
23 313
24 2
24 104
24 224
24 314
25 2
25 105
25 225
25 315
26 2
26 106
26 226
26 316
27 2
27 107
27 227
27 317
28 2
28 108
28 228
28 318
29 2
29 109
29 229
29 319
30 3
30 100
30 230
30 310
31 3
31 101
31 231
31 311
32 3
32 102
32 232
32 312
33 3
33 103
33 233
33 313
34 3
34 104
34 234
34 314
35 3
35 105
35 235
35 315
36 3
36 106
36 236
36 316
37 3
37 107
37 237
37 317
38 3
38 108
38 238
38 318
39 3
39 109
39 239
39 319
40 4
40 100
40 240
40 320
41 4
41 101
41 241
41 321
42 4
42 102
42 242
42 322
43 4
43 103
43 243
43 323
44 4
44 104
44 244
44 324
45 4
45 105
45 245
45 325
46 4
46 106
46 246
46 326
47 4
47 107
47 247
47 327
48 4
48 108
48 248
48 328
49 4
49 109
49 249
49 329
50 5
50 100
50 250
50 320
51 5
51 101
51 251
51 321
52 5
52 102
52 252
52 322
53 5
53 103
53 253
53 323
54 5
54 104
54 254
54 324
55 5
55 105
55 255
55 325
56 5
56 106
56 256
56 326
57 5
57 107
57 257
57 327
58 5
58 108
58 258
58 328
59 5
59 109
59 259
59 329
60 6
60 100
60 260
60 330
61 6
61 101
61 261
61 331
62 6
62 102
62 262
62 332
63 6
63 103
63 263
63 333
64 6
64 104
64 264
64 334
65 6
65 105
65 265
65 335
66 6
66 106
66 266
66 336
67 6
67 107
67 267
67 337
68 6
68 108
68 268
68 338
69 6
69 109
69 269
69 339
70 7
70 100
70 270
70 330
71 7
71 101
71 271
71 331
72 7
72 102
72 272
72 332
73 7
73 103
73 273
73 333
74 7
74 104
74 274
74 334
75 7
75 105
75 275
75 335
76 7
76 106
76 276
76 336
77 7
77 107
77 277
77 337
78 7
78 108
78 278
78 338
79 7
79 109
79 279
79 339
80 8
80 100
80 280
80 340
81 8
81 101
81 281
81 341
82 8
82 102
82 282
82 342
83 8
83 103
83 283
83 343
84 8
84 104
84 284
84 344
85 8
85 105
85 285
85 345
86 8
86 106
86 286
86 346
87 8
87 107
87 287
87 347
88 8
88 108
88 288
88 348
89 8
89 109
89 289
89 349
90 9
90 100
90 290
90 340
91 9
91 101
91 291
91 341
92 9
92 102
92 292
92 342
93 9
93 103
93 293
93 343
94 9
94 104
94 294
94 344
95 9
95 105
95 295
95 345
96 9
96 106
96 296
96 346
97 9
97 107
97 297
97 347
98 9
98 108
98 298
98 348
99 9
99 109
99 299
99 349
100 10
100 110
100 200
100 300
101 10
101 111
101 201
101 301
102 10
102 112
102 202
102 302
103 10
103 113
103 203
103 303
104 10
104 114
104 204
104 304
105 10
105 115
105 205
105 305
106 10
106 116
106 206
106 306
107 10
107 117
107 207
107 307
108 10
108 118
108 208
108 308
109 10
109 119
109 209
109 309
110 11
110 110
110 210
110 300
111 11
111 111
111 211
111 301
112 11
112 112
112 212
112 302
113 11
113 113
113 213
113 303
114 11
114 114
114 214
114 304
115 11
115 115
115 215
115 305
116 11
116 116
116 216
116 306
117 11
117 117
117 217
117 307
118 11
118 118
118 218
118 308
119 11
119 119
119 219
119 309
120 12
120 110
120 220
120 310
121 12
121 111
121 221
121 311
122 12
122 112
122 222
122 312
123 12
123 113
123 223
123 313
124 12
124 114
124 224
124 314
125 12
125 115
125 225
125 315
126 12
126 116
126 226
126 316
127 12
127 117
127 227
127 317
128 12
128 118
128 228
128 318
129 12
129 119
129 229
129 319
130 13
130 110
130 230
130 310
131 13
131 111
131 231
131 311
132 13
132 112
132 232
132 312
133 13
133 113
133 233
133 313
134 13
134 114
134 234
134 314
135 13
135 115
135 235
135 315
136 13
136 116
136 236
136 316
137 13
137 117
137 237
137 317
138 13
138 118
138 238
138 318
139 13
139 119
139 239
139 319
140 14
140 110
140 240
140 320
141 14
141 111
141 241
141 321
142 14
142 112
142 242
142 322
143 14
143 113
143 243
143 323
144 14
144 114
144 244
144 324
145 14
145 115
145 245
145 325
146 14
146 116
146 246
146 326
147 14
147 117
147 247
147 327
148 14
148 118
148 248
148 328
149 14
149 119
149 249
149 329
150 15
150 110
150 250
150 320
151 15
151 111
151 251
151 321
152 15
152 112
152 252
152 322
153 15
153 113
153 253
153 323
154 15
154 114
154 254
154 324
155 15
155 115
155 255
155 325
156 15
156 116
156 256
156 326
157 15
157 117
157 257
157 327
158 15
158 118
158 258
158 328
159 15
159 119
159 259
159 329
160 16
160 110
160 260
160 330
161 16
161 111
161 261
161 331
162 16
162 112
162 262
162 332
163 16
163 113
163 263
163 333
164 16
164 114
164 264
164 334
165 16
165 115
165 265
165 335
166 16
166 116
166 266
166 336
167 16
167 117
167 267
167 337
168 16
168 118
168 268
168 338
169 16
169 119
169 269
169 339
170 17
170 110
170 270
170 330
171 17
171 111
171 271
171 331
172 17
172 112
172 272
172 332
173 17
173 113
173 273
173 333
174 17
174 114
174 274
174 334
175 17
175 115
175 275
175 335
176 17
176 116
176 276
176 336
177 17
177 117
177 277
177 337
178 17
178 118
178 278
178 338
179 17
179 119
179 279
179 339
180 18
180 110
180 280
180 340
181 18
181 111
181 281
181 341
182 18
182 112
182 282
182 342
183 18
183 113
183 283
183 343
184 18
184 114
184 284
184 344
185 18
185 115
185 285
185 345
186 18
186 116
186 286
186 346
187 18
187 117
187 287
187 347
188 18
188 118
188 288
188 348
189 18
189 119
189 289
189 349
190 19
190 110
190 290
190 340
191 19
191 111
191 291
191 341
192 19
192 112
192 292
192 342
193 19
193 113
193 293
193 343
194 19
194 114
194 294
194 344
195 19
195 115
195 295
195 345
196 19
196 116
196 296
196 346
197 19
197 117
197 297
197 347
198 19
198 118
198 298
198 348
199 19
199 119
199 299
199 349
200 20
200 120
200 200
200 300
201 20
201 121
201 201
201 301
202 20
202 122
202 202
202 302
203 20
203 123
203 203
203 303
204 20
204 124
204 204
204 304
205 20
205 125
205 205
205 305
206 20
206 126
206 206
206 306
207 20
207 127
207 207
207 307
208 20
208 128
208 208
208 308
209 20
209 129
209 209
209 309
210 21
210 120
210 210
210 300
211 21
211 121
211 211
211 301
212 21
212 122
212 212
212 302
213 21
213 123
213 213
213 303
214 21
214 124
214 214
214 304
215 21
215 125
215 215
215 305
216 21
216 126
216 216
216 306
217 21
217 127
217 217
217 307
218 21
218 128
218 218
218 308
219 21
219 129
219 219
219 309
220 22
220 120
220 220
220 310
221 22
221 121
221 221
221 311
222 22
222 122
222 222
222 312
223 22
223 123
223 223
223 313
224 22
224 124
224 224
224 314
225 22
225 125
225 225
225 315
226 22
226 126
226 226
226 316
227 22
227 127
227 227
227 317
228 22
228 128
228 228
228 318
229 22
229 129
229 229
229 319
230 23
230 120
230 230
230 310
231 23
231 121
231 231
231 311
232 23
232 122
232 232
232 312
233 23
233 123
233 233
233 313
234 23
234 124
234 234
234 314
235 23
235 125
235 235
235 315
236 23
236 126
236 236
236 316
237 23
237 127
237 237
237 317
238 23
238 128
238 238
238 318
239 23
239 129
239 239
239 319
240 24
240 120
240 240
240 320
241 24
241 121
241 241
241 321
242 24
242 122
242 242
242 322
243 24
243 123
243 243
243 323
244 24
244 124
244 244
244 324
245 24
245 125
245 245
245 325
246 24
246 126
246 246
246 326
247 24
247 127
247 247
247 327
248 24
248 128
248 248
248 328
249 24
249 129
249 249
249 329
250 25
250 120
250 250
250 320
251 25
251 121
251 251
251 321
252 25
252 122
252 252
252 322
253 25
253 123
253 253
253 323
254 25
254 124
254 254
254 324
255 25
255 125
255 255
255 325
256 25
256 126
256 256
256 326
257 25
257 127
257 257
257 327
258 25
258 128
258 258
258 328
259 25
259 129
259 259
259 329
260 26
260 120
260 260
260 330
261 26
261 121
261 261
261 331
262 26
262 122
262 262
262 332
263 26
263 123
263 263
263 333
264 26
264 124
264 264
264 334
265 26
265 125
265 265
265 335
266 26
266 126
266 266
266 336
267 26
267 127
267 267
267 337
268 26
268 128
268 268
268 338
269 26
269 129
269 269
269 339
270 27
270 120
270 270
270 330
271 27
271 121
271 271
271 331
272 27
272 122
272 272
272 332
273 27
273 123
273 273
273 333
274 27
274 124
274 274
274 334
275 27
275 125
275 275
275 335
276 27
276 126
276 276
276 336
277 27
277 127
277 277
277 337
278 27
278 128
278 278
278 338
279 27
279 129
279 279
279 339
280 28
280 120
280 280
280 340
281 28
281 121
281 281
281 341
282 28
282 122
282 282
282 342
283 28
283 123
283 283
283 343
284 28
284 124
284 284
284 344
285 28
285 125
285 285
285 345
286 28
286 126
286 286
286 346
287 28
287 127
287 287
287 347
288 28
288 128
288 288
288 348
289 28
289 129
289 289
289 349
290 29
290 120
290 290
290 340
291 29
291 121
291 291
291 341
292 29
292 122
292 292
292 342
293 29
293 123
293 293
293 343
294 29
294 124
294 294
294 344
295 29
295 125
295 295
295 345
296 29
296 126
296 296
296 346
297 29
297 127
297 297
297 347
298 29
298 128
298 298
298 348
299 29
299 129
299 299
299 349
300 30
300 130
300 200
300 300
301 30
301 131
301 201
301 301
302 30
302 132
302 202
302 302
303 30
303 133
303 203
303 303
304 30
304 134
304 204
304 304
305 30
305 135
305 205
305 305
306 30
306 136
306 206
306 306
307 30
307 137
307 207
307 307
308 30
308 138
308 208
308 308
309 30
309 139
309 209
309 309
310 31
310 130
310 210
310 300
311 31
311 131
311 211
311 301
312 31
312 132
312 212
312 302
313 31
313 133
313 213
313 303
314 31
314 134
314 214
314 304
315 31
315 135
315 215
315 305
316 31
316 136
316 216
316 306
317 31
317 137
317 217
317 307
318 31
318 138
318 218
318 308
319 31
319 139
319 219
319 309
320 32
320 130
320 220
320 310
321 32
321 131
321 221
321 311
322 32
322 132
322 222
322 312
323 32
323 133
323 223
323 313
324 32
324 134
324 224
324 314
325 32
325 135
325 225
325 315
326 32
326 136
326 226
326 316
327 32
327 137
327 227
327 317
328 32
328 138
328 228
328 318
329 32
329 139
329 229
329 319
330 33
330 130
330 230
330 310
331 33
331 131
331 231
331 311
332 33
332 132
332 232
332 312
333 33
333 133
333 233
333 313
334 33
334 134
334 234
334 314
335 33
335 135
335 235
335 315
336 33
336 136
336 236
336 316
337 33
337 137
337 237
337 317
338 33
338 138
338 238
338 318
339 33
339 139
339 239
339 319
340 34
340 130
340 240
340 320
341 34
341 131
341 241
341 321
342 34
342 132
342 242
342 322
343 34
343 133
343 243
343 323
344 34
344 134
344 244
344 324
345 34
345 135
345 245
345 325
346 34
346 136
346 246
346 326
347 34
347 137
347 247
347 327
348 34
348 138
348 248
348 328
349 34
349 139
349 249
349 329
350 35
350 130
350 250
350 320
351 35
351 131
351 251
351 321
352 35
352 132
352 252
352 322
353 35
353 133
353 253
353 323
354 35
354 134
354 254
354 324
355 35
355 135
355 255
355 325
356 35
356 136
356 256
356 326
357 35
357 137
357 257
357 327
358 35
358 138
358 258
358 328
359 35
359 139
359 259
359 329
360 36
360 130
360 260
360 330
361 36
361 131
361 261
361 331
362 36
362 132
362 262
362 332
363 36
363 133
363 263
363 333
364 36
364 134
364 264
364 334
365 36
365 135
365 265
365 335
366 36
366 136
366 266
366 336
367 36
367 137
367 267
367 337
368 36
368 138
368 268
368 338
369 36
369 139
369 269
369 339
370 37
370 130
370 270
370 330
371 37
371 131
371 271
371 331
372 37
372 132
372 272
372 332
373 37
373 133
373 273
373 333
374 37
374 134
374 274
374 334
375 37
375 135
375 275
375 335
376 37
376 136
376 276
376 336
377 37
377 137
377 277
377 337
378 37
378 138
378 278
378 338
379 37
379 139
379 279
379 339
380 38
380 130
380 280
380 340
381 38
381 131
381 281
381 341
382 38
382 132
382 282
382 342
383 38
383 133
383 283
383 343
384 38
384 134
384 284
384 344
385 38
385 135
385 285
385 345
386 38
386 136
386 286
386 346
387 38
387 137
387 287
387 347
388 38
388 138
388 288
388 348
389 38
389 139
389 289
389 349
390 39
390 130
390 290
390 340
391 39
391 131
391 291
391 341
392 39
392 132
392 292
392 342
393 39
393 133
393 293
393 343
394 39
394 134
394 294
394 344
395 39
395 135
395 295
395 345
396 39
396 136
396 296
396 346
397 39
397 137
397 297
397 347
398 39
398 138
398 298
398 348
399 39
399 139
399 299
399 349
400 40
400 140
400 200
400 300
401 40
401 141
401 201
401 301
402 40
402 142
402 202
402 302
403 40
403 143
403 203
403 303
404 40
404 144
404 204
404 304
405 40
405 145
405 205
405 305
406 40
406 146
406 206
406 306
407 40
407 147
407 207
407 307
408 40
408 148
408 208
408 308
409 40
409 149
409 209
409 309
410 41
410 140
410 210
410 300
411 41
411 141
411 211
411 301
412 41
412 142
412 212
412 302
413 41
413 143
413 213
413 303
414 41
414 144
414 214
414 304
415 41
415 145
415 215
415 305
416 41
416 146
416 216
416 306
417 41
417 147
417 217
417 307
418 41
418 148
418 218
418 308
419 41
419 149
419 219
419 309
420 42
420 140
420 220
420 310
421 42
421 141
421 221
421 311
422 42
422 142
422 222
422 312
423 42
423 143
423 223
423 313
424 42
424 144
424 224
424 314
425 42
425 145
425 225
425 315
426 42
426 146
426 226
426 316
427 42
427 147
427 227
427 317
428 42
428 148
428 228
428 318
429 42
429 149
429 229
429 319
430 43
430 140
430 230
430 310
431 43
431 141
431 231
431 311
432 43
432 142
432 232
432 312
433 43
433 143
433 233
433 313
434 43
434 144
434 234
434 314
435 43
435 145
435 235
435 315
436 43
436 146
436 236
436 316
437 43
437 147
437 237
437 317
438 43
438 148
438 238
438 318
439 43
439 149
439 239
439 319
440 44
440 140
440 240
440 320
441 44
441 141
441 241
441 321
442 44
442 142
442 242
442 322
443 44
443 143
443 243
443 323
444 44
444 144
444 244
444 324
445 44
445 145
445 245
445 325
446 44
446 146
446 246
446 326
447 44
447 147
447 247
447 327
448 44
448 148
448 248
448 328
449 44
449 149
449 249
449 329
450 45
450 140
450 250
450 320
451 45
451 141
451 251
451 321
452 45
452 142
452 252
452 322
453 45
453 143
453 253
453 323
454 45
454 144
454 254
454 324
455 45
455 145
455 255
455 325
456 45
456 146
456 256
456 326
457 45
457 147
457 257
457 327
458 45
458 148
458 258
458 328
459 45
459 149
459 259
459 329
460 46
460 140
460 260
460 330
461 46
461 141
461 261
461 331
462 46
462 142
462 262
462 332
463 46
463 143
463 263
463 333
464 46
464 144
464 264
464 334
465 46
465 145
465 265
465 335
466 46
466 146
466 266
466 336
467 46
467 147
467 267
467 337
468 46
468 148
468 268
468 338
469 46
469 149
469 269
469 339
470 47
470 140
470 270
470 330
471 47
471 141
471 271
471 331
472 47
472 142
472 272
472 332
473 47
473 143
473 273
473 333
474 47
474 144
474 274
474 334
475 47
475 145
475 275
475 335
476 47
476 146
476 276
476 336
477 47
477 147
477 277
477 337
478 47
478 148
478 278
478 338
479 47
479 149
479 279
479 339
480 48
480 140
480 280
480 340
481 48
481 141
481 281
481 341
482 48
482 142
482 282
482 342
483 48
483 143
483 283
483 343
484 48
484 144
484 284
484 344
485 48
485 145
485 285
485 345
486 48
486 146
486 286
486 346
487 48
487 147
487 287
487 347
488 48
488 148
488 288
488 348
489 48
489 149
489 289
489 349
490 49
490 140
490 290
490 340
491 49
491 141
491 291
491 341
492 49
492 142
492 292
492 342
493 49
493 143
493 293
493 343
494 49
494 144
494 294
494 344
495 49
495 145
495 295
495 345
496 49
496 146
496 296
496 346
497 49
497 147
497 297
497 347
498 49
498 148
498 298
498 348
499 49
499 149
499 299
499 349
500 50
500 150
500 200
500 350
501 50
501 151
501 201
501 351
502 50
502 152
502 202
502 352
503 50
503 153
503 203
503 353
504 50
504 154
504 204
504 354
505 50
505 155
505 205
505 355
506 50
506 156
506 206
506 356
507 50
507 157
507 207
507 357
508 50
508 158
508 208
508 358
509 50
509 159
509 209
509 359
510 51
510 150
510 210
510 350
511 51
511 151
511 211
511 351
512 51
512 152
512 212
512 352
513 51
513 153
513 213
513 353
514 51
514 154
514 214
514 354
515 51
515 155
515 215
515 355
516 51
516 156
516 216
516 356
517 51
517 157
517 217
517 357
518 51
518 158
518 218
518 358
519 51
519 159
519 219
519 359
520 52
520 150
520 220
520 360
521 52
521 151
521 221
521 361
522 52
522 152
522 222
522 362
523 52
523 153
523 223
523 363
524 52
524 154
524 224
524 364
525 52
525 155
525 225
525 365
526 52
526 156
526 226
526 366
527 52
527 157
527 227
527 367
528 52
528 158
528 228
528 368
529 52
529 159
529 229
529 369
530 53
530 150
530 230
530 360
531 53
531 151
531 231
531 361
532 53
532 152
532 232
532 362
533 53
533 153
533 233
533 363
534 53
534 154
534 234
534 364
535 53
535 155
535 235
535 365
536 53
536 156
536 236
536 366
537 53
537 157
537 237
537 367
538 53
538 158
538 238
538 368
539 53
539 159
539 239
539 369
540 54
540 150
540 240
540 370
541 54
541 151
541 241
541 371
542 54
542 152
542 242
542 372
543 54
543 153
543 243
543 373
544 54
544 154
544 244
544 374
545 54
545 155
545 245
545 375
546 54
546 156
546 246
546 376
547 54
547 157
547 247
547 377
548 54
548 158
548 248
548 378
549 54
549 159
549 249
549 379
550 55
550 150
550 250
550 370
551 55
551 151
551 251
551 371
552 55
552 152
552 252
552 372
553 55
553 153
553 253
553 373
554 55
554 154
554 254
554 374
555 55
555 155
555 255
555 375
556 55
556 156
556 256
556 376
557 55
557 157
557 257
557 377
558 55
558 158
558 258
558 378
559 55
559 159
559 259
559 379
560 56
560 150
560 260
560 380
561 56
561 151
561 261
561 381
562 56
562 152
562 262
562 382
563 56
563 153
563 263
563 383
564 56
564 154
564 264
564 384
565 56
565 155
565 265
565 385
566 56
566 156
566 266
566 386
567 56
567 157
567 267
567 387
568 56
568 158
568 268
568 388
569 56
569 159
569 269
569 389
570 57
570 150
570 270
570 380
571 57
571 151
571 271
571 381
572 57
572 152
572 272
572 382
573 57
573 153
573 273
573 383
574 57
574 154
574 274
574 384
575 57
575 155
575 275
575 385
576 57
576 156
576 276
576 386
577 57
577 157
577 277
577 387
578 57
578 158
578 278
578 388
579 57
579 159
579 279
579 389
580 58
580 150
580 280
580 390
581 58
581 151
581 281
581 391
582 58
582 152
582 282
582 392
583 58
583 153
583 283
583 393
584 58
584 154
584 284
584 394
585 58
585 155
585 285
585 395
586 58
586 156
586 286
586 396
587 58
587 157
587 287
587 397
588 58
588 158
588 288
588 398
589 58
589 159
589 289
589 399
590 59
590 150
590 290
590 390
591 59
591 151
591 291
591 391
592 59
592 152
592 292
592 392
593 59
593 153
593 293
593 393
594 59
594 154
594 294
594 394
595 59
595 155
595 295
595 395
596 59
596 156
596 296
596 396
597 59
597 157
597 297
597 397
598 59
598 158
598 298
598 398
599 59
599 159
599 299
599 399
600 60
600 160
600 200
600 350
601 60
601 161
601 201
601 351
602 60
602 162
602 202
602 352
603 60
603 163
603 203
603 353
604 60
604 164
604 204
604 354
605 60
605 165
605 205
605 355
606 60
606 166
606 206
606 356
607 60
607 167
607 207
607 357
608 60
608 168
608 208
608 358
609 60
609 169
609 209
609 359
610 61
610 160
610 210
610 350
611 61
611 161
611 211
611 351
612 61
612 162
612 212
612 352
613 61
613 163
613 213
613 353
614 61
614 164
614 214
614 354
615 61
615 165
615 215
615 355
616 61
616 166
616 216
616 356
617 61
617 167
617 217
617 357
618 61
618 168
618 218
618 358
619 61
619 169
619 219
619 359
620 62
620 160
620 220
620 360
621 62
621 161
621 221
621 361
622 62
622 162
622 222
622 362
623 62
623 163
623 223
623 363
624 62
624 164
624 224
624 364
625 62
625 165
625 225
625 365
626 62
626 166
626 226
626 366
627 62
627 167
627 227
627 367
628 62
628 168
628 228
628 368
629 62
629 169
629 229
629 369
630 63
630 160
630 230
630 360
631 63
631 161
631 231
631 361
632 63
632 162
632 232
632 362
633 63
633 163
633 233
633 363
634 63
634 164
634 234
634 364
635 63
635 165
635 235
635 365
636 63
636 166
636 236
636 366
637 63
637 167
637 237
637 367
638 63
638 168
638 238
638 368
639 63
639 169
639 239
639 369
640 64
640 160
640 240
640 370
641 64
641 161
641 241
641 371
642 64
642 162
642 242
642 372
643 64
643 163
643 243
643 373
644 64
644 164
644 244
644 374
645 64
645 165
645 245
645 375
646 64
646 166
646 246
646 376
647 64
647 167
647 247
647 377
648 64
648 168
648 248
648 378
649 64
649 169
649 249
649 379
650 65
650 160
650 250
650 370
651 65
651 161
651 251
651 371
652 65
652 162
652 252
652 372
653 65
653 163
653 253
653 373
654 65
654 164
654 254
654 374
655 65
655 165
655 255
655 375
656 65
656 166
656 256
656 376
657 65
657 167
657 257
657 377
658 65
658 168
658 258
658 378
659 65
659 169
659 259
659 379
660 66
660 160
660 260
660 380
661 66
661 161
661 261
661 381
662 66
662 162
662 262
662 382
663 66
663 163
663 263
663 383
664 66
664 164
664 264
664 384
665 66
665 165
665 265
665 385
666 66
666 166
666 266
666 386
667 66
667 167
667 267
667 387
668 66
668 168
668 268
668 388
669 66
669 169
669 269
669 389
670 67
670 160
670 270
670 380
671 67
671 161
671 271
671 381
672 67
672 162
672 272
672 382
673 67
673 163
673 273
673 383
674 67
674 164
674 274
674 384
675 67
675 165
675 275
675 385
676 67
676 166
676 276
676 386
677 67
677 167
677 277
677 387
678 67
678 168
678 278
678 388
679 67
679 169
679 279
679 389
680 68
680 160
680 280
680 390
681 68
681 161
681 281
681 391
682 68
682 162
682 282
682 392
683 68
683 163
683 283
683 393
684 68
684 164
684 284
684 394
685 68
685 165
685 285
685 395
686 68
686 166
686 286
686 396
687 68
687 167
687 287
687 397
688 68
688 168
688 288
688 398
689 68
689 169
689 289
689 399
690 69
690 160
690 290
690 390
691 69
691 161
691 291
691 391
692 69
692 162
692 292
692 392
693 69
693 163
693 293
693 393
694 69
694 164
694 294
694 394
695 69
695 165
695 295
695 395
696 69
696 166
696 296
696 396
697 69
697 167
697 297
697 397
698 69
698 168
698 298
698 398
699 69
699 169
699 299
699 399
700 70
700 170
700 200
700 350
701 70
701 171
701 201
701 351
702 70
702 172
702 202
702 352
703 70
703 173
703 203
703 353
704 70
704 174
704 204
704 354
705 70
705 175
705 205
705 355
706 70
706 176
706 206
706 356
707 70
707 177
707 207
707 357
708 70
708 178
708 208
708 358
709 70
709 179
709 209
709 359
710 71
710 170
710 210
710 350
711 71
711 171
711 211
711 351
712 71
712 172
712 212
712 352
713 71
713 173
713 213
713 353
714 71
714 174
714 214
714 354
715 71
715 175
715 215
715 355
716 71
716 176
716 216
716 356
717 71
717 177
717 217
717 357
718 71
718 178
718 218
718 358
719 71
719 179
719 219
719 359
720 72
720 170
720 220
720 360
721 72
721 171
721 221
721 361
722 72
722 172
722 222
722 362
723 72
723 173
723 223
723 363
724 72
724 174
724 224
724 364
725 72
725 175
725 225
725 365
726 72
726 176
726 226
726 366
727 72
727 177
727 227
727 367
728 72
728 178
728 228
728 368
729 72
729 179
729 229
729 369
730 73
730 170
730 230
730 360
731 73
731 171
731 231
731 361
732 73
732 172
732 232
732 362
733 73
733 173
733 233
733 363
734 73
734 174
734 234
734 364
735 73
735 175
735 235
735 365
736 73
736 176
736 236
736 366
737 73
737 177
737 237
737 367
738 73
738 178
738 238
738 368
739 73
739 179
739 239
739 369
740 74
740 170
740 240
740 370
741 74
741 171
741 241
741 371
742 74
742 172
742 242
742 372
743 74
743 173
743 243
743 373
744 74
744 174
744 244
744 374
745 74
745 175
745 245
745 375
746 74
746 176
746 246
746 376
747 74
747 177
747 247
747 377
748 74
748 178
748 248
748 378
749 74
749 179
749 249
749 379
750 75
750 170
750 250
750 370
751 75
751 171
751 251
751 371
752 75
752 172
752 252
752 372
753 75
753 173
753 253
753 373
754 75
754 174
754 254
754 374
755 75
755 175
755 255
755 375
756 75
756 176
756 256
756 376
757 75
757 177
757 257
757 377
758 75
758 178
758 258
758 378
759 75
759 179
759 259
759 379
760 76
760 170
760 260
760 380
761 76
761 171
761 261
761 381
762 76
762 172
762 262
762 382
763 76
763 173
763 263
763 383
764 76
764 174
764 264
764 384
765 76
765 175
765 265
765 385
766 76
766 176
766 266
766 386
767 76
767 177
767 267
767 387
768 76
768 178
768 268
768 388
769 76
769 179
769 269
769 389
770 77
770 170
770 270
770 380
771 77
771 171
771 271
771 381
772 77
772 172
772 272
772 382
773 77
773 173
773 273
773 383
774 77
774 174
774 274
774 384
775 77
775 175
775 275
775 385
776 77
776 176
776 276
776 386
777 77
777 177
777 277
777 387
778 77
778 178
778 278
778 388
779 77
779 179
779 279
779 389
780 78
780 170
780 280
780 390
781 78
781 171
781 281
781 391
782 78
782 172
782 282
782 392
783 78
783 173
783 283
783 393
784 78
784 174
784 284
784 394
785 78
785 175
785 285
785 395
786 78
786 176
786 286
786 396
787 78
787 177
787 287
787 397
788 78
788 178
788 288
788 398
789 78
789 179
789 289
789 399
790 79
790 170
790 290
790 390
791 79
791 171
791 291
791 391
792 79
792 172
792 292
792 392
793 79
793 173
793 293
793 393
794 79
794 174
794 294
794 394
795 79
795 175
795 295
795 395
796 79
796 176
796 296
796 396
797 79
797 177
797 297
797 397
798 79
798 178
798 298
798 398
799 79
799 179
799 299
799 399
800 80
800 180
800 200
800 350
801 80
801 181
801 201
801 351
802 80
802 182
802 202
802 352
803 80
803 183
803 203
803 353
804 80
804 184
804 204
804 354
805 80
805 185
805 205
805 355
806 80
806 186
806 206
806 356
807 80
807 187
807 207
807 357
808 80
808 188
808 208
808 358
809 80
809 189
809 209
809 359
810 81
810 180
810 210
810 350
811 81
811 181
811 211
811 351
812 81
812 182
812 212
812 352
813 81
813 183
813 213
813 353
814 81
814 184
814 214
814 354
815 81
815 185
815 215
815 355
816 81
816 186
816 216
816 356
817 81
817 187
817 217
817 357
818 81
818 188
818 218
818 358
819 81
819 189
819 219
819 359
820 82
820 180
820 220
820 360
821 82
821 181
821 221
821 361
822 82
822 182
822 222
822 362
823 82
823 183
823 223
823 363
824 82
824 184
824 224
824 364
825 82
825 185
825 225
825 365
826 82
826 186
826 226
826 366
827 82
827 187
827 227
827 367
828 82
828 188
828 228
828 368
829 82
829 189
829 229
829 369
830 83
830 180
830 230
830 360
831 83
831 181
831 231
831 361
832 83
832 182
832 232
832 362
833 83
833 183
833 233
833 363
834 83
834 184
834 234
834 364
835 83
835 185
835 235
835 365
836 83
836 186
836 236
836 366
837 83
837 187
837 237
837 367
838 83
838 188
838 238
838 368
839 83
839 189
839 239
839 369
840 84
840 180
840 240
840 370
841 84
841 181
841 241
841 371
842 84
842 182
842 242
842 372
843 84
843 183
843 243
843 373
844 84
844 184
844 244
844 374
845 84
845 185
845 245
845 375
846 84
846 186
846 246
846 376
847 84
847 187
847 247
847 377
848 84
848 188
848 248
848 378
849 84
849 189
849 249
849 379
850 85
850 180
850 250
850 370
851 85
851 181
851 251
851 371
852 85
852 182
852 252
852 372
853 85
853 183
853 253
853 373
854 85
854 184
854 254
854 374
855 85
855 185
855 255
855 375
856 85
856 186
856 256
856 376
857 85
857 187
857 257
857 377
858 85
858 188
858 258
858 378
859 85
859 189
859 259
859 379
860 86
860 180
860 260
860 380
861 86
861 181
861 261
861 381
862 86
862 182
862 262
862 382
863 86
863 183
863 263
863 383
864 86
864 184
864 264
864 384
865 86
865 185
865 265
865 385
866 86
866 186
866 266
866 386
867 86
867 187
867 267
867 387
868 86
868 188
868 268
868 388
869 86
869 189
869 269
869 389
870 87
870 180
870 270
870 380
871 87
871 181
871 271
871 381
872 87
872 182
872 272
872 382
873 87
873 183
873 273
873 383
874 87
874 184
874 274
874 384
875 87
875 185
875 275
875 385
876 87
876 186
876 276
876 386
877 87
877 187
877 277
877 387
878 87
878 188
878 278
878 388
879 87
879 189
879 279
879 389
880 88
880 180
880 280
880 390
881 88
881 181
881 281
881 391
882 88
882 182
882 282
882 392
883 88
883 183
883 283
883 393
884 88
884 184
884 284
884 394
885 88
885 185
885 285
885 395
886 88
886 186
886 286
886 396
887 88
887 187
887 287
887 397
888 88
888 188
888 288
888 398
889 88
889 189
889 289
889 399
890 89
890 180
890 290
890 390
891 89
891 181
891 291
891 391
892 89
892 182
892 292
892 392
893 89
893 183
893 293
893 393
894 89
894 184
894 294
894 394
895 89
895 185
895 295
895 395
896 89
896 186
896 296
896 396
897 89
897 187
897 297
897 397
898 89
898 188
898 298
898 398
899 89
899 189
899 299
899 399
900 90
900 190
900 200
900 350
901 90
901 191
901 201
901 351
902 90
902 192
902 202
902 352
903 90
903 193
903 203
903 353
904 90
904 194
904 204
904 354
905 90
905 195
905 205
905 355
906 90
906 196
906 206
906 356
907 90
907 197
907 207
907 357
908 90
908 198
908 208
908 358
909 90
909 199
909 209
909 359
910 91
910 190
910 210
910 350
911 91
911 191
911 211
911 351
912 91
912 192
912 212
912 352
913 91
913 193
913 213
913 353
914 91
914 194
914 214
914 354
915 91
915 195
915 215
915 355
916 91
916 196
916 216
916 356
917 91
917 197
917 217
917 357
918 91
918 198
918 218
918 358
919 91
919 199
919 219
919 359
920 92
920 190
920 220
920 360
921 92
921 191
921 221
921 361
922 92
922 192
922 222
922 362
923 92
923 193
923 223
923 363
924 92
924 194
924 224
924 364
925 92
925 195
925 225
925 365
926 92
926 196
926 226
926 366
927 92
927 197
927 227
927 367
928 92
928 198
928 228
928 368
929 92
929 199
929 229
929 369
930 93
930 190
930 230
930 360
931 93
931 191
931 231
931 361
932 93
932 192
932 232
932 362
933 93
933 193
933 233
933 363
934 93
934 194
934 234
934 364
935 93
935 195
935 235
935 365
936 93
936 196
936 236
936 366
937 93
937 197
937 237
937 367
938 93
938 198
938 238
938 368
939 93
939 199
939 239
939 369
940 94
940 190
940 240
940 370
941 94
941 191
941 241
941 371
942 94
942 192
942 242
942 372
943 94
943 193
943 243
943 373
944 94
944 194
944 244
944 374
945 94
945 195
945 245
945 375
946 94
946 196
946 246
946 376
947 94
947 197
947 247
947 377
948 94
948 198
948 248
948 378
949 94
949 199
949 249
949 379
950 95
950 190
950 250
950 370
951 95
951 191
951 251
951 371
952 95
952 192
952 252
952 372
953 95
953 193
953 253
953 373
954 95
954 194
954 254
954 374
955 95
955 195
955 255
955 375
956 95
956 196
956 256
956 376
957 95
957 197
957 257
957 377
958 95
958 198
958 258
958 378
959 95
959 199
959 259
959 379
960 96
960 190
960 260
960 380
961 96
961 191
961 261
961 381
962 96
962 192
962 262
962 382
963 96
963 193
963 263
963 383
964 96
964 194
964 264
964 384
965 96
965 195
965 265
965 385
966 96
966 196
966 266
966 386
967 96
967 197
967 267
967 387
968 96
968 198
968 268
968 388
969 96
969 199
969 269
969 389
970 97
970 190
970 270
970 380
971 97
971 191
971 271
971 381
972 97
972 192
972 272
972 382
973 97
973 193
973 273
973 383
974 97
974 194
974 274
974 384
975 97
975 195
975 275
975 385
976 97
976 196
976 276
976 386
977 97
977 197
977 277
977 387
978 97
978 198
978 278
978 388
979 97
979 199
979 279
979 389
980 98
980 190
980 280
980 390
981 98
981 191
981 281
981 391
982 98
982 192
982 282
982 392
983 98
983 193
983 283
983 393
984 98
984 194
984 284
984 394
985 98
985 195
985 285
985 395
986 98
986 196
986 286
986 396
987 98
987 197
987 287
987 397
988 98
988 198
988 288
988 398
989 98
989 199
989 289
989 399
990 99
990 190
990 290
990 390
991 99
991 191
991 291
991 391
992 99
992 192
992 292
992 392
993 99
993 193
993 293
993 393
994 99
994 194
994 294
994 394
995 99
995 195
995 295
995 395
996 99
996 196
996 296
996 396
997 99
997 197
997 297
997 397
998 99
998 198
998 298
998 398
999 99
999 199
999 299
999 399
