0 0
0 196
0 392
0 588
1 0
1 197
1 393
1 589
2 0
2 198
2 394
2 590
3 0
3 199
3 395
3 591
4 0
4 200
4 396
4 592
5 0
5 201
5 397
5 593
6 0
6 202
6 398
6 594
7 0
7 203
7 399
7 595
8 0
8 204
8 400
8 596
9 0
9 205
9 401
9 597
10 0
10 206
10 402
10 598
11 0
11 207
11 403
11 599
12 0
12 208
12 404
12 600
13 0
13 209
13 405
13 601
14 1
14 196
14 406
14 588
15 1
15 197
15 407
15 589
16 1
16 198
16 408
16 590
17 1
17 199
17 409
17 591
18 1
18 200
18 410
18 592
19 1
19 201
19 411
19 593
20 1
20 202
20 412
20 594
21 1
21 203
21 413
21 595
22 1
22 204
22 414
22 596
23 1
23 205
23 415
23 597
24 1
24 206
24 416
24 598
25 1
25 207
25 417
25 599
26 1
26 208
26 418
26 600
27 1
27 209
27 419
27 601
28 2
28 196
28 420
28 602
29 2
29 197
29 421
29 603
30 2
30 198
30 422
30 604
31 2
31 199
31 423
31 605
32 2
32 200
32 424
32 606
33 2
33 201
33 425
33 607
34 2
34 202
34 426
34 608
35 2
35 203
35 427
35 609
36 2
36 204
36 428
36 610
37 2
37 205
37 429
37 611
38 2
38 206
38 430
38 612
39 2
39 207
39 431
39 613
40 2
40 208
40 432
40 614
41 2
41 209
41 433
41 615
42 3
42 196
42 434
42 602
43 3
43 197
43 435
43 603
44 3
44 198
44 436
44 604
45 3
45 199
45 437
45 605
46 3
46 200
46 438
46 606
47 3
47 201
47 439
47 607
48 3
48 202
48 440
48 608
49 3
49 203
49 441
49 609
50 3
50 204
50 442
50 610
51 3
51 205
51 443
51 611
52 3
52 206
52 444
52 612
53 3
53 207
53 445
53 613
54 3
54 208
54 446
54 614
55 3
55 209
55 447
55 615
56 4
56 196
56 448
56 616
57 4
57 197
57 449
57 617
58 4
58 198
58 450
58 618
59 4
59 199
59 451
59 619
60 4
60 200
60 452
60 620
61 4
61 201
61 453
61 621
62 4
62 202
62 454
62 622
63 4
63 203
63 455
63 623
64 4
64 204
64 456
64 624
65 4
65 205
65 457
65 625
66 4
66 206
66 458
66 626
67 4
67 207
67 459
67 627
68 4
68 208
68 460
68 628
69 4
69 209
69 461
69 629
70 5
70 196
70 462
70 616
71 5
71 197
71 463
71 617
72 5
72 198
72 464
72 618
73 5
73 199
73 465
73 619
74 5
74 200
74 466
74 620
75 5
75 201
75 467
75 621
76 5
76 202
76 468
76 622
77 5
77 203
77 469
77 623
78 5
78 204
78 470
78 624
79 5
79 205
79 471
79 625
80 5
80 206
80 472
80 626
81 5
81 207
81 473
81 627
82 5
82 208
82 474
82 628
83 5
83 209
83 475
83 629
84 6
84 196
84 476
84 630
85 6
85 197
85 477
85 631
86 6
86 198
86 478
86 632
87 6
87 199
87 479
87 633
88 6
88 200
88 480
88 634
89 6
89 201
89 481
89 635
90 6
90 202
90 482
90 636
91 6
91 203
91 483
91 637
92 6
92 204
92 484
92 638
93 6
93 205
93 485
93 639
94 6
94 206
94 486
94 640
95 6
95 207
95 487
95 641
96 6
96 208
96 488
96 642
97 6
97 209
97 489
97 643
98 7
98 196
98 490
98 630
99 7
99 197
99 491
99 631
100 7
100 198
100 492
100 632
101 7
101 199
101 493
101 633
102 7
102 200
102 494
102 634
103 7
103 201
103 495
103 635
104 7
104 202
104 496
104 636
105 7
105 203
105 497
105 637
106 7
106 204
106 498
106 638
107 7
107 205
107 499
107 639
108 7
108 206
108 500
108 640
109 7
109 207
109 501
109 641
110 7
110 208
110 502
110 642
111 7
111 209
111 503
111 643
112 8
112 196
112 504
112 644
113 8
113 197
113 505
113 645
114 8
114 198
114 506
114 646
115 8
115 199
115 507
115 647
116 8
116 200
116 508
116 648
117 8
117 201
117 509
117 649
118 8
118 202
118 510
118 650
119 8
119 203
119 511
119 651
120 8
120 204
120 512
120 652
121 8
121 205
121 513
121 653
122 8
122 206
122 514
122 654
123 8
123 207
123 515
123 655
124 8
124 208
124 516
124 656
125 8
125 209
125 517
125 657
126 9
126 196
126 518
126 644
127 9
127 197
127 519
127 645
128 9
128 198
128 520
128 646
129 9
129 199
129 521
129 647
130 9
130 200
130 522
130 648
131 9
131 201
131 523
131 649
132 9
132 202
132 524
132 650
133 9
133 203
133 525
133 651
134 9
134 204
134 526
134 652
135 9
135 205
135 527
135 653
136 9
136 206
136 528
136 654
137 9
137 207
137 529
137 655
138 9
138 208
138 530
138 656
139 9
139 209
139 531
139 657
140 10
140 196
140 532
140 658
141 10
141 197
141 533
141 659
142 10
142 198
142 534
142 660
143 10
143 199
143 535
143 661
144 10
144 200
144 536
144 662
145 10
145 201
145 537
145 663
146 10
146 202
146 538
146 664
147 10
147 203
147 539
147 665
148 10
148 204
148 540
148 666
149 10
149 205
149 541
149 667
150 10
150 206
150 542
150 668
151 10
151 207
151 543
151 669
152 10
152 208
152 544
152 670
153 10
153 209
153 545
153 671
154 11
154 196
154 546
154 658
155 11
155 197
155 547
155 659
156 11
156 198
156 548
156 660
157 11
157 199
157 549
157 661
158 11
158 200
158 550
158 662
159 11
159 201
159 551
159 663
160 11
160 202
160 552
160 664
161 11
161 203
161 553
161 665
162 11
162 204
162 554
162 666
163 11
163 205
163 555
163 667
164 11
164 206
164 556
164 668
165 11
165 207
165 557
165 669
166 11
166 208
166 558
166 670
167 11
167 209
167 559
167 671
168 12
168 196
168 560
168 672
169 12
169 197
169 561
169 673
170 12
170 198
170 562
170 674
171 12
171 199
171 563
171 675
172 12
172 200
172 564
172 676
173 12
173 201
173 565
173 677
174 12
174 202
174 566
174 678
175 12
175 203
175 567
175 679
176 12
176 204
176 568
176 680
177 12
177 205
177 569
177 681
178 12
178 206
178 570
178 682
179 12
179 207
179 571
179 683
180 12
180 208
180 572
180 684
181 12
181 209
181 573
181 685
182 13
182 196
182 574
182 672
183 13
183 197
183 575
183 673
184 13
184 198
184 576
184 674
185 13
185 199
185 577
185 675
186 13
186 200
186 578
186 676
187 13
187 201
187 579
187 677
188 13
188 202
188 580
188 678
189 13
189 203
189 581
189 679
190 13
190 204
190 582
190 680
191 13
191 205
191 583
191 681
192 13
192 206
192 584
192 682
193 13
193 207
193 585
193 683
194 13
194 208
194 586
194 684
195 13
195 209
195 587
195 685
196 14
196 210
196 392
196 588
197 14
197 211
197 393
197 589
198 14
198 212
198 394
198 590
199 14
199 213
199 395
199 591
200 14
200 214
200 396
200 592
201 14
201 215
201 397
201 593
202 14
202 216
202 398
202 594
203 14
203 217
203 399
203 595
204 14
204 218
204 400
204 596
205 14
205 219
205 401
205 597
206 14
206 220
206 402
206 598
207 14
207 221
207 403
207 599
208 14
208 222
208 404
208 600
209 14
209 223
209 405
209 601
210 15
210 210
210 406
210 588
211 15
211 211
211 407
211 589
212 15
212 212
212 408
212 590
213 15
213 213
213 409
213 591
214 15
214 214
214 410
214 592
215 15
215 215
215 411
215 593
216 15
216 216
216 412
216 594
217 15
217 217
217 413
217 595
218 15
218 218
218 414
218 596
219 15
219 219
219 415
219 597
220 15
220 220
220 416
220 598
221 15
221 221
221 417
221 599
222 15
222 222
222 418
222 600
223 15
223 223
223 419
223 601
224 16
224 210
224 420
224 602
225 16
225 211
225 421
225 603
226 16
226 212
226 422
226 604
227 16
227 213
227 423
227 605
228 16
228 214
228 424
228 606
229 16
229 215
229 425
229 607
230 16
230 216
230 426
230 608
231 16
231 217
231 427
231 609
232 16
232 218
232 428
232 610
233 16
233 219
233 429
233 611
234 16
234 220
234 430
234 612
235 16
235 221
235 431
235 613
236 16
236 222
236 432
236 614
237 16
237 223
237 433
237 615
238 17
238 210
238 434
238 602
239 17
239 211
239 435
239 603
240 17
240 212
240 436
240 604
241 17
241 213
241 437
241 605
242 17
242 214
242 438
242 606
243 17
243 215
243 439
243 607
244 17
244 216
244 440
244 608
245 17
245 217
245 441
245 609
246 17
246 218
246 442
246 610
247 17
247 219
247 443
247 611
248 17
248 220
248 444
248 612
249 17
249 221
249 445
249 613
250 17
250 222
250 446
250 614
251 17
251 223
251 447
251 615
252 18
252 210
252 448
252 616
253 18
253 211
253 449
253 617
254 18
254 212
254 450
254 618
255 18
255 213
255 451
255 619
256 18
256 214
256 452
256 620
257 18
257 215
257 453
257 621
258 18
258 216
258 454
258 622
259 18
259 217
259 455
259 623
260 18
260 218
260 456
260 624
261 18
261 219
261 457
261 625
262 18
262 220
262 458
262 626
263 18
263 221
263 459
263 627
264 18
264 222
264 460
264 628
265 18
265 223
265 461
265 629
266 19
266 210
266 462
266 616
267 19
267 211
267 463
267 617
268 19
268 212
268 464
268 618
269 19
269 213
269 465
269 619
270 19
270 214
270 466
270 620
271 19
271 215
271 467
271 621
272 19
272 216
272 468
272 622
273 19
273 217
273 469
273 623
274 19
274 218
274 470
274 624
275 19
275 219
275 471
275 625
276 19
276 220
276 472
276 626
277 19
277 221
277 473
277 627
278 19
278 222
278 474
278 628
279 19
279 223
279 475
279 629
280 20
280 210
280 476
280 630
281 20
281 211
281 477
281 631
282 20
282 212
282 478
282 632
283 20
283 213
283 479
283 633
284 20
284 214
284 480
284 634
285 20
285 215
285 481
285 635
286 20
286 216
286 482
286 636
287 20
287 217
287 483
287 637
288 20
288 218
288 484
288 638
289 20
289 219
289 485
289 639
290 20
290 220
290 486
290 640
291 20
291 221
291 487
291 641
292 20
292 222
292 488
292 642
293 20
293 223
293 489
293 643
294 21
294 210
294 490
294 630
295 21
295 211
295 491
295 631
296 21
296 212
296 492
296 632
297 21
297 213
297 493
297 633
298 21
298 214
298 494
298 634
299 21
299 215
299 495
299 635
300 21
300 216
300 496
300 636
301 21
301 217
301 497
301 637
302 21
302 218
302 498
302 638
303 21
303 219
303 499
303 639
304 21
304 220
304 500
304 640
305 21
305 221
305 501
305 641
306 21
306 222
306 502
306 642
307 21
307 223
307 503
307 643
308 22
308 210
308 504
308 644
309 22
309 211
309 505
309 645
310 22
310 212
310 506
310 646
311 22
311 213
311 507
311 647
312 22
312 214
312 508
312 648
313 22
313 215
313 509
313 649
314 22
314 216
314 510
314 650
315 22
315 217
315 511
315 651
316 22
316 218
316 512
316 652
317 22
317 219
317 513
317 653
318 22
318 220
318 514
318 654
319 22
319 221
319 515
319 655
320 22
320 222
320 516
320 656
321 22
321 223
321 517
321 657
322 23
322 210
322 518
322 644
323 23
323 211
323 519
323 645
324 23
324 212
324 520
324 646
325 23
325 213
325 521
325 647
326 23
326 214
326 522
326 648
327 23
327 215
327 523
327 649
328 23
328 216
328 524
328 650
329 23
329 217
329 525
329 651
330 23
330 218
330 526
330 652
331 23
331 219
331 527
331 653
332 23
332 220
332 528
332 654
333 23
333 221
333 529
333 655
334 23
334 222
334 530
334 656
335 23
335 223
335 531
335 657
336 24
336 210
336 532
336 658
337 24
337 211
337 533
337 659
338 24
338 212
338 534
338 660
339 24
339 213
339 535
339 661
340 24
340 214
340 536
340 662
341 24
341 215
341 537
341 663
342 24
342 216
342 538
342 664
343 24
343 217
343 539
343 665
344 24
344 218
344 540
344 666
345 24
345 219
345 541
345 667
346 24
346 220
346 542
346 668
347 24
347 221
347 543
347 669
348 24
348 222
348 544
348 670
349 24
349 223
349 545
349 671
350 25
350 210
350 546
350 658
351 25
351 211
351 547
351 659
352 25
352 212
352 548
352 660
353 25
353 213
353 549
353 661
354 25
354 214
354 550
354 662
355 25
355 215
355 551
355 663
356 25
356 216
356 552
356 664
357 25
357 217
357 553
357 665
358 25
358 218
358 554
358 666
359 25
359 219
359 555
359 667
360 25
360 220
360 556
360 668
361 25
361 221
361 557
361 669
362 25
362 222
362 558
362 670
363 25
363 223
363 559
363 671
364 26
364 210
364 560
364 672
365 26
365 211
365 561
365 673
366 26
366 212
366 562
366 674
367 26
367 213
367 563
367 675
368 26
368 214
368 564
368 676
369 26
369 215
369 565
369 677
370 26
370 216
370 566
370 678
371 26
371 217
371 567
371 679
372 26
372 218
372 568
372 680
373 26
373 219
373 569
373 681
374 26
374 220
374 570
374 682
375 26
375 221
375 571
375 683
376 26
376 222
376 572
376 684
377 26
377 223
377 573
377 685
378 27
378 210
378 574
378 672
379 27
379 211
379 575
379 673
380 27
380 212
380 576
380 674
381 27
381 213
381 577
381 675
382 27
382 214
382 578
382 676
383 27
383 215
383 579
383 677
384 27
384 216
384 580
384 678
385 27
385 217
385 581
385 679
386 27
386 218
386 582
386 680
387 27
387 219
387 583
387 681
388 27
388 220
388 584
388 682
389 27
389 221
389 585
389 683
390 27
390 222
390 586
390 684
391 27
391 223
391 587
391 685
392 28
392 224
392 392
392 588
393 28
393 225
393 393
393 589
394 28
394 226
394 394
394 590
395 28
395 227
395 395
395 591
396 28
396 228
396 396
396 592
397 28
397 229
397 397
397 593
398 28
398 230
398 398
398 594
399 28
399 231
399 399
399 595
400 28
400 232
400 400
400 596
401 28
401 233
401 401
401 597
402 28
402 234
402 402
402 598
403 28
403 235
403 403
403 599
404 28
404 236
404 404
404 600
405 28
405 237
405 405
405 601
406 29
406 224
406 406
406 588
407 29
407 225
407 407
407 589
408 29
408 226
408 408
408 590
409 29
409 227
409 409
409 591
410 29
410 228
410 410
410 592
411 29
411 229
411 411
411 593
412 29
412 230
412 412
412 594
413 29
413 231
413 413
413 595
414 29
414 232
414 414
414 596
415 29
415 233
415 415
415 597
416 29
416 234
416 416
416 598
417 29
417 235
417 417
417 599
418 29
418 236
418 418
418 600
419 29
419 237
419 419
419 601
420 30
420 224
420 420
420 602
421 30
421 225
421 421
421 603
422 30
422 226
422 422
422 604
423 30
423 227
423 423
423 605
424 30
424 228
424 424
424 606
425 30
425 229
425 425
425 607
426 30
426 230
426 426
426 608
427 30
427 231
427 427
427 609
428 30
428 232
428 428
428 610
429 30
429 233
429 429
429 611
430 30
430 234
430 430
430 612
431 30
431 235
431 431
431 613
432 30
432 236
432 432
432 614
433 30
433 237
433 433
433 615
434 31
434 224
434 434
434 602
435 31
435 225
435 435
435 603
436 31
436 226
436 436
436 604
437 31
437 227
437 437
437 605
438 31
438 228
438 438
438 606
439 31
439 229
439 439
439 607
440 31
440 230
440 440
440 608
441 31
441 231
441 441
441 609
442 31
442 232
442 442
442 610
443 31
443 233
443 443
443 611
444 31
444 234
444 444
444 612
445 31
445 235
445 445
445 613
446 31
446 236
446 446
446 614
447 31
447 237
447 447
447 615
448 32
448 224
448 448
448 616
449 32
449 225
449 449
449 617
450 32
450 226
450 450
450 618
451 32
451 227
451 451
451 619
452 32
452 228
452 452
452 620
453 32
453 229
453 453
453 621
454 32
454 230
454 454
454 622
455 32
455 231
455 455
455 623
456 32
456 232
456 456
456 624
457 32
457 233
457 457
457 625
458 32
458 234
458 458
458 626
459 32
459 235
459 459
459 627
460 32
460 236
460 460
460 628
461 32
461 237
461 461
461 629
462 33
462 224
462 462
462 616
463 33
463 225
463 463
463 617
464 33
464 226
464 464
464 618
465 33
465 227
465 465
465 619
466 33
466 228
466 466
466 620
467 33
467 229
467 467
467 621
468 33
468 230
468 468
468 622
469 33
469 231
469 469
469 623
470 33
470 232
470 470
470 624
471 33
471 233
471 471
471 625
472 33
472 234
472 472
472 626
473 33
473 235
473 473
473 627
474 33
474 236
474 474
474 628
475 33
475 237
475 475
475 629
476 34
476 224
476 476
476 630
477 34
477 225
477 477
477 631
478 34
478 226
478 478
478 632
479 34
479 227
479 479
479 633
480 34
480 228
480 480
480 634
481 34
481 229
481 481
481 635
482 34
482 230
482 482
482 636
483 34
483 231
483 483
483 637
484 34
484 232
484 484
484 638
485 34
485 233
485 485
485 639
486 34
486 234
486 486
486 640
487 34
487 235
487 487
487 641
488 34
488 236
488 488
488 642
489 34
489 237
489 489
489 643
490 35
490 224
490 490
490 630
491 35
491 225
491 491
491 631
492 35
492 226
492 492
492 632
493 35
493 227
493 493
493 633
494 35
494 228
494 494
494 634
495 35
495 229
495 495
495 635
496 35
496 230
496 496
496 636
497 35
497 231
497 497
497 637
498 35
498 232
498 498
498 638
499 35
499 233
499 499
499 639
500 35
500 234
500 500
500 640
501 35
501 235
501 501
501 641
502 35
502 236
502 502
502 642
503 35
503 237
503 503
503 643
504 36
504 224
504 504
504 644
505 36
505 225
505 505
505 645
506 36
506 226
506 506
506 646
507 36
507 227
507 507
507 647
508 36
508 228
508 508
508 648
509 36
509 229
509 509
509 649
510 36
510 230
510 510
510 650
511 36
511 231
511 511
511 651
512 36
512 232
512 512
512 652
513 36
513 233
513 513
513 653
514 36
514 234
514 514
514 654
515 36
515 235
515 515
515 655
516 36
516 236
516 516
516 656
517 36
517 237
517 517
517 657
518 37
518 224
518 518
518 644
519 37
519 225
519 519
519 645
520 37
520 226
520 520
520 646
521 37
521 227
521 521
521 647
522 37
522 228
522 522
522 648
523 37
523 229
523 523
523 649
524 37
524 230
524 524
524 650
525 37
525 231
525 525
525 651
526 37
526 232
526 526
526 652
527 37
527 233
527 527
527 653
528 37
528 234
528 528
528 654
529 37
529 235
529 529
529 655
530 37
530 236
530 530
530 656
531 37
531 237
531 531
531 657
532 38
532 224
532 532
532 658
533 38
533 225
533 533
533 659
534 38
534 226
534 534
534 660
535 38
535 227
535 535
535 661
536 38
536 228
536 536
536 662
537 38
537 229
537 537
537 663
538 38
538 230
538 538
538 664
539 38
539 231
539 539
539 665
540 38
540 232
540 540
540 666
541 38
541 233
541 541
541 667
542 38
542 234
542 542
542 668
543 38
543 235
543 543
543 669
544 38
544 236
544 544
544 670
545 38
545 237
545 545
545 671
546 39
546 224
546 546
546 658
547 39
547 225
547 547
547 659
548 39
548 226
548 548
548 660
549 39
549 227
549 549
549 661
550 39
550 228
550 550
550 662
551 39
551 229
551 551
551 663
552 39
552 230
552 552
552 664
553 39
553 231
553 553
553 665
554 39
554 232
554 554
554 666
555 39
555 233
555 555
555 667
556 39
556 234
556 556
556 668
557 39
557 235
557 557
557 669
558 39
558 236
558 558
558 670
559 39
559 237
559 559
559 671
560 40
560 224
560 560
560 672
561 40
561 225
561 561
561 673
562 40
562 226
562 562
562 674
563 40
563 227
563 563
563 675
564 40
564 228
564 564
564 676
565 40
565 229
565 565
565 677
566 40
566 230
566 566
566 678
567 40
567 231
567 567
567 679
568 40
568 232
568 568
568 680
569 40
569 233
569 569
569 681
570 40
570 234
570 570
570 682
571 40
571 235
571 571
571 683
572 40
572 236
572 572
572 684
573 40
573 237
573 573
573 685
574 41
574 224
574 574
574 672
575 41
575 225
575 575
575 673
576 41
576 226
576 576
576 674
577 41
577 227
577 577
577 675
578 41
578 228
578 578
578 676
579 41
579 229
579 579
579 677
580 41
580 230
580 580
580 678
581 41
581 231
581 581
581 679
582 41
582 232
582 582
582 680
583 41
583 233
583 583
583 681
584 41
584 234
584 584
584 682
585 41
585 235
585 585
585 683
586 41
586 236
586 586
586 684
587 41
587 237
587 587
587 685
588 42
588 238
588 392
588 588
589 42
589 239
589 393
589 589
590 42
590 240
590 394
590 590
591 42
591 241
591 395
591 591
592 42
592 242
592 396
592 592
593 42
593 243
593 397
593 593
594 42
594 244
594 398
594 594
595 42
595 245
595 399
595 595
596 42
596 246
596 400
596 596
597 42
597 247
597 401
597 597
598 42
598 248
598 402
598 598
599 42
599 249
599 403
599 599
600 42
600 250
600 404
600 600
601 42
601 251
601 405
601 601
602 43
602 238
602 406
602 588
603 43
603 239
603 407
603 589
604 43
604 240
604 408
604 590
605 43
605 241
605 409
605 591
606 43
606 242
606 410
606 592
607 43
607 243
607 411
607 593
608 43
608 244
608 412
608 594
609 43
609 245
609 413
609 595
610 43
610 246
610 414
610 596
611 43
611 247
611 415
611 597
612 43
612 248
612 416
612 598
613 43
613 249
613 417
613 599
614 43
614 250
614 418
614 600
615 43
615 251
615 419
615 601
616 44
616 238
616 420
616 602
617 44
617 239
617 421
617 603
618 44
618 240
618 422
618 604
619 44
619 241
619 423
619 605
620 44
620 242
620 424
620 606
621 44
621 243
621 425
621 607
622 44
622 244
622 426
622 608
623 44
623 245
623 427
623 609
624 44
624 246
624 428
624 610
625 44
625 247
625 429
625 611
626 44
626 248
626 430
626 612
627 44
627 249
627 431
627 613
628 44
628 250
628 432
628 614
629 44
629 251
629 433
629 615
630 45
630 238
630 434
630 602
631 45
631 239
631 435
631 603
632 45
632 240
632 436
632 604
633 45
633 241
633 437
633 605
634 45
634 242
634 438
634 606
635 45
635 243
635 439
635 607
636 45
636 244
636 440
636 608
637 45
637 245
637 441
637 609
638 45
638 246
638 442
638 610
639 45
639 247
639 443
639 611
640 45
640 248
640 444
640 612
641 45
641 249
641 445
641 613
642 45
642 250
642 446
642 614
643 45
643 251
643 447
643 615
644 46
644 238
644 448
644 616
645 46
645 239
645 449
645 617
646 46
646 240
646 450
646 618
647 46
647 241
647 451
647 619
648 46
648 242
648 452
648 620
649 46
649 243
649 453
649 621
650 46
650 244
650 454
650 622
651 46
651 245
651 455
651 623
652 46
652 246
652 456
652 624
653 46
653 247
653 457
653 625
654 46
654 248
654 458
654 626
655 46
655 249
655 459
655 627
656 46
656 250
656 460
656 628
657 46
657 251
657 461
657 629
658 47
658 238
658 462
658 616
659 47
659 239
659 463
659 617
660 47
660 240
660 464
660 618
661 47
661 241
661 465
661 619
662 47
662 242
662 466
662 620
663 47
663 243
663 467
663 621
664 47
664 244
664 468
664 622
665 47
665 245
665 469
665 623
666 47
666 246
666 470
666 624
667 47
667 247
667 471
667 625
668 47
668 248
668 472
668 626
669 47
669 249
669 473
669 627
670 47
670 250
670 474
670 628
671 47
671 251
671 475
671 629
672 48
672 238
672 476
672 630
673 48
673 239
673 477
673 631
674 48
674 240
674 478
674 632
675 48
675 241
675 479
675 633
676 48
676 242
676 480
676 634
677 48
677 243
677 481
677 635
678 48
678 244
678 482
678 636
679 48
679 245
679 483
679 637
680 48
680 246
680 484
680 638
681 48
681 247
681 485
681 639
682 48
682 248
682 486
682 640
683 48
683 249
683 487
683 641
684 48
684 250
684 488
684 642
685 48
685 251
685 489
685 643
686 49
686 238
686 490
686 630
687 49
687 239
687 491
687 631
688 49
688 240
688 492
688 632
689 49
689 241
689 493
689 633
690 49
690 242
690 494
690 634
691 49
691 243
691 495
691 635
692 49
692 244
692 496
692 636
693 49
693 245
693 497
693 637
694 49
694 246
694 498
694 638
695 49
695 247
695 499
695 639
696 49
696 248
696 500
696 640
697 49
697 249
697 501
697 641
698 49
698 250
698 502
698 642
699 49
699 251
699 503
699 643
700 50
700 238
700 504
700 644
701 50
701 239
701 505
701 645
702 50
702 240
702 506
702 646
703 50
703 241
703 507
703 647
704 50
704 242
704 508
704 648
705 50
705 243
705 509
705 649
706 50
706 244
706 510
706 650
707 50
707 245
707 511
707 651
708 50
708 246
708 512
708 652
709 50
709 247
709 513
709 653
710 50
710 248
710 514
710 654
711 50
711 249
711 515
711 655
712 50
712 250
712 516
712 656
713 50
713 251
713 517
713 657
714 51
714 238
714 518
714 644
715 51
715 239
715 519
715 645
716 51
716 240
716 520
716 646
717 51
717 241
717 521
717 647
718 51
718 242
718 522
718 648
719 51
719 243
719 523
719 649
720 51
720 244
720 524
720 650
721 51
721 245
721 525
721 651
722 51
722 246
722 526
722 652
723 51
723 247
723 527
723 653
724 51
724 248
724 528
724 654
725 51
725 249
725 529
725 655
726 51
726 250
726 530
726 656
727 51
727 251
727 531
727 657
728 52
728 238
728 532
728 658
729 52
729 239
729 533
729 659
730 52
730 240
730 534
730 660
731 52
731 241
731 535
731 661
732 52
732 242
732 536
732 662
733 52
733 243
733 537
733 663
734 52
734 244
734 538
734 664
735 52
735 245
735 539
735 665
736 52
736 246
736 540
736 666
737 52
737 247
737 541
737 667
738 52
738 248
738 542
738 668
739 52
739 249
739 543
739 669
740 52
740 250
740 544
740 670
741 52
741 251
741 545
741 671
742 53
742 238
742 546
742 658
743 53
743 239
743 547
743 659
744 53
744 240
744 548
744 660
745 53
745 241
745 549
745 661
746 53
746 242
746 550
746 662
747 53
747 243
747 551
747 663
748 53
748 244
748 552
748 664
749 53
749 245
749 553
749 665
750 53
750 246
750 554
750 666
751 53
751 247
751 555
751 667
752 53
752 248
752 556
752 668
753 53
753 249
753 557
753 669
754 53
754 250
754 558
754 670
755 53
755 251
755 559
755 671
756 54
756 238
756 560
756 672
757 54
757 239
757 561
757 673
758 54
758 240
758 562
758 674
759 54
759 241
759 563
759 675
760 54
760 242
760 564
760 676
761 54
761 243
761 565
761 677
762 54
762 244
762 566
762 678
763 54
763 245
763 567
763 679
764 54
764 246
764 568
764 680
765 54
765 247
765 569
765 681
766 54
766 248
766 570
766 682
767 54
767 249
767 571
767 683
768 54
768 250
768 572
768 684
769 54
769 251
769 573
769 685
770 55
770 238
770 574
770 672
771 55
771 239
771 575
771 673
772 55
772 240
772 576
772 674
773 55
773 241
773 577
773 675
774 55
774 242
774 578
774 676
775 55
775 243
775 579
775 677
776 55
776 244
776 580
776 678
777 55
777 245
777 581
777 679
778 55
778 246
778 582
778 680
779 55
779 247
779 583
779 681
780 55
780 248
780 584
780 682
781 55
781 249
781 585
781 683
782 55
782 250
782 586
782 684
783 55
783 251
783 587
783 685
784 56
784 252
784 392
784 588
785 56
785 253
785 393
785 589
786 56
786 254
786 394
786 590
787 56
787 255
787 395
787 591
788 56
788 256
788 396
788 592
789 56
789 257
789 397
789 593
790 56
790 258
790 398
790 594
791 56
791 259
791 399
791 595
792 56
792 260
792 400
792 596
793 56
793 261
793 401
793 597
794 56
794 262
794 402
794 598
795 56
795 263
795 403
795 599
796 56
796 264
796 404
796 600
797 56
797 265
797 405
797 601
798 57
798 252
798 406
798 588
799 57
799 253
799 407
799 589
800 57
800 254
800 408
800 590
801 57
801 255
801 409
801 591
802 57
802 256
802 410
802 592
803 57
803 257
803 411
803 593
804 57
804 258
804 412
804 594
805 57
805 259
805 413
805 595
806 57
806 260
806 414
806 596
807 57
807 261
807 415
807 597
808 57
808 262
808 416
808 598
809 57
809 263
809 417
809 599
810 57
810 264
810 418
810 600
811 57
811 265
811 419
811 601
812 58
812 252
812 420
812 602
813 58
813 253
813 421
813 603
814 58
814 254
814 422
814 604
815 58
815 255
815 423
815 605
816 58
816 256
816 424
816 606
817 58
817 257
817 425
817 607
818 58
818 258
818 426
818 608
819 58
819 259
819 427
819 609
820 58
820 260
820 428
820 610
821 58
821 261
821 429
821 611
822 58
822 262
822 430
822 612
823 58
823 263
823 431
823 613
824 58
824 264
824 432
824 614
825 58
825 265
825 433
825 615
826 59
826 252
826 434
826 602
827 59
827 253
827 435
827 603
828 59
828 254
828 436
828 604
829 59
829 255
829 437
829 605
830 59
830 256
830 438
830 606
831 59
831 257
831 439
831 607
832 59
832 258
832 440
832 608
833 59
833 259
833 441
833 609
834 59
834 260
834 442
834 610
835 59
835 261
835 443
835 611
836 59
836 262
836 444
836 612
837 59
837 263
837 445
837 613
838 59
838 264
838 446
838 614
839 59
839 265
839 447
839 615
840 60
840 252
840 448
840 616
841 60
841 253
841 449
841 617
842 60
842 254
842 450
842 618
843 60
843 255
843 451
843 619
844 60
844 256
844 452
844 620
845 60
845 257
845 453
845 621
846 60
846 258
846 454
846 622
847 60
847 259
847 455
847 623
848 60
848 260
848 456
848 624
849 60
849 261
849 457
849 625
850 60
850 262
850 458
850 626
851 60
851 263
851 459
851 627
852 60
852 264
852 460
852 628
853 60
853 265
853 461
853 629
854 61
854 252
854 462
854 616
855 61
855 253
855 463
855 617
856 61
856 254
856 464
856 618
857 61
857 255
857 465
857 619
858 61
858 256
858 466
858 620
859 61
859 257
859 467
859 621
860 61
860 258
860 468
860 622
861 61
861 259
861 469
861 623
862 61
862 260
862 470
862 624
863 61
863 261
863 471
863 625
864 61
864 262
864 472
864 626
865 61
865 263
865 473
865 627
866 61
866 264
866 474
866 628
867 61
867 265
867 475
867 629
868 62
868 252
868 476
868 630
869 62
869 253
869 477
869 631
870 62
870 254
870 478
870 632
871 62
871 255
871 479
871 633
872 62
872 256
872 480
872 634
873 62
873 257
873 481
873 635
874 62
874 258
874 482
874 636
875 62
875 259
875 483
875 637
876 62
876 260
876 484
876 638
877 62
877 261
877 485
877 639
878 62
878 262
878 486
878 640
879 62
879 263
879 487
879 641
880 62
880 264
880 488
880 642
881 62
881 265
881 489
881 643
882 63
882 252
882 490
882 630
883 63
883 253
883 491
883 631
884 63
884 254
884 492
884 632
885 63
885 255
885 493
885 633
886 63
886 256
886 494
886 634
887 63
887 257
887 495
887 635
888 63
888 258
888 496
888 636
889 63
889 259
889 497
889 637
890 63
890 260
890 498
890 638
891 63
891 261
891 499
891 639
892 63
892 262
892 500
892 640
893 63
893 263
893 501
893 641
894 63
894 264
894 502
894 642
895 63
895 265
895 503
895 643
896 64
896 252
896 504
896 644
897 64
897 253
897 505
897 645
898 64
898 254
898 506
898 646
899 64
899 255
899 507
899 647
900 64
900 256
900 508
900 648
901 64
901 257
901 509
901 649
902 64
902 258
902 510
902 650
903 64
903 259
903 511
903 651
904 64
904 260
904 512
904 652
905 64
905 261
905 513
905 653
906 64
906 262
906 514
906 654
907 64
907 263
907 515
907 655
908 64
908 264
908 516
908 656
909 64
909 265
909 517
909 657
910 65
910 252
910 518
910 644
911 65
911 253
911 519
911 645
912 65
912 254
912 520
912 646
913 65
913 255
913 521
913 647
914 65
914 256
914 522
914 648
915 65
915 257
915 523
915 649
916 65
916 258
916 524
916 650
917 65
917 259
917 525
917 651
918 65
918 260
918 526
918 652
919 65
919 261
919 527
919 653
920 65
920 262
920 528
920 654
921 65
921 263
921 529
921 655
922 65
922 264
922 530
922 656
923 65
923 265
923 531
923 657
924 66
924 252
924 532
924 658
925 66
925 253
925 533
925 659
926 66
926 254
926 534
926 660
927 66
927 255
927 535
927 661
928 66
928 256
928 536
928 662
929 66
929 257
929 537
929 663
930 66
930 258
930 538
930 664
931 66
931 259
931 539
931 665
932 66
932 260
932 540
932 666
933 66
933 261
933 541
933 667
934 66
934 262
934 542
934 668
935 66
935 263
935 543
935 669
936 66
936 264
936 544
936 670
937 66
937 265
937 545
937 671
938 67
938 252
938 546
938 658
939 67
939 253
939 547
939 659
940 67
940 254
940 548
940 660
941 67
941 255
941 549
941 661
942 67
942 256
942 550
942 662
943 67
943 257
943 551
943 663
944 67
944 258
944 552
944 664
945 67
945 259
945 553
945 665
946 67
946 260
946 554
946 666
947 67
947 261
947 555
947 667
948 67
948 262
948 556
948 668
949 67
949 263
949 557
949 669
950 67
950 264
950 558
950 670
951 67
951 265
951 559
951 671
952 68
952 252
952 560
952 672
953 68
953 253
953 561
953 673
954 68
954 254
954 562
954 674
955 68
955 255
955 563
955 675
956 68
956 256
956 564
956 676
957 68
957 257
957 565
957 677
958 68
958 258
958 566
958 678
959 68
959 259
959 567
959 679
960 68
960 260
960 568
960 680
961 68
961 261
961 569
961 681
962 68
962 262
962 570
962 682
963 68
963 263
963 571
963 683
964 68
964 264
964 572
964 684
965 68
965 265
965 573
965 685
966 69
966 252
966 574
966 672
967 69
967 253
967 575
967 673
968 69
968 254
968 576
968 674
969 69
969 255
969 577
969 675
970 69
970 256
970 578
970 676
971 69
971 257
971 579
971 677
972 69
972 258
972 580
972 678
973 69
973 259
973 581
973 679
974 69
974 260
974 582
974 680
975 69
975 261
975 583
975 681
976 69
976 262
976 584
976 682
977 69
977 263
977 585
977 683
978 69
978 264
978 586
978 684
979 69
979 265
979 587
979 685
980 70
980 266
980 392
980 588
981 70
981 267
981 393
981 589
982 70
982 268
982 394
982 590
983 70
983 269
983 395
983 591
984 70
984 270
984 396
984 592
985 70
985 271
985 397
985 593
986 70
986 272
986 398
986 594
987 70
987 273
987 399
987 595
988 70
988 274
988 400
988 596
989 70
989 275
989 401
989 597
990 70
990 276
990 402
990 598
991 70
991 277
991 403
991 599
992 70
992 278
992 404
992 600
993 70
993 279
993 405
993 601
994 71
994 266
994 406
994 588
995 71
995 267
995 407
995 589
996 71
996 268
996 408
996 590
997 71
997 269
997 409
997 591
998 71
998 270
998 410
998 592
999 71
999 271
999 411
999 593
1000 71
1000 272
1000 412
1000 594
1001 71
1001 273
1001 413
1001 595
1002 71
1002 274
1002 414
1002 596
1003 71
1003 275
1003 415
1003 597
1004 71
1004 276
1004 416
1004 598
1005 71
1005 277
1005 417
1005 599
1006 71
1006 278
1006 418
1006 600
1007 71
1007 279
1007 419
1007 601
1008 72
1008 266
1008 420
1008 602
1009 72
1009 267
1009 421
1009 603
1010 72
1010 268
1010 422
1010 604
1011 72
1011 269
1011 423
1011 605
1012 72
1012 270
1012 424
1012 606
1013 72
1013 271
1013 425
1013 607
1014 72
1014 272
1014 426
1014 608
1015 72
1015 273
1015 427
1015 609
1016 72
1016 274
1016 428
1016 610
1017 72
1017 275
1017 429
1017 611
1018 72
1018 276
1018 430
1018 612
1019 72
1019 277
1019 431
1019 613
1020 72
1020 278
1020 432
1020 614
1021 72
1021 279
1021 433
1021 615
1022 73
1022 266
1022 434
1022 602
1023 73
1023 267
1023 435
1023 603
1024 73
1024 268
1024 436
1024 604
1025 73
1025 269
1025 437
1025 605
1026 73
1026 270
1026 438
1026 606
1027 73
1027 271
1027 439
1027 607
1028 73
1028 272
1028 440
1028 608
1029 73
1029 273
1029 441
1029 609
1030 73
1030 274
1030 442
1030 610
1031 73
1031 275
1031 443
1031 611
1032 73
1032 276
1032 444
1032 612
1033 73
1033 277
1033 445
1033 613
1034 73
1034 278
1034 446
1034 614
1035 73
1035 279
1035 447
1035 615
1036 74
1036 266
1036 448
1036 616
1037 74
1037 267
1037 449
1037 617
1038 74
1038 268
1038 450
1038 618
1039 74
1039 269
1039 451
1039 619
1040 74
1040 270
1040 452
1040 620
1041 74
1041 271
1041 453
1041 621
1042 74
1042 272
1042 454
1042 622
1043 74
1043 273
1043 455
1043 623
1044 74
1044 274
1044 456
1044 624
1045 74
1045 275
1045 457
1045 625
1046 74
1046 276
1046 458
1046 626
1047 74
1047 277
1047 459
1047 627
1048 74
1048 278
1048 460
1048 628
1049 74
1049 279
1049 461
1049 629
1050 75
1050 266
1050 462
1050 616
1051 75
1051 267
1051 463
1051 617
1052 75
1052 268
1052 464
1052 618
1053 75
1053 269
1053 465
1053 619
1054 75
1054 270
1054 466
1054 620
1055 75
1055 271
1055 467
1055 621
1056 75
1056 272
1056 468
1056 622
1057 75
1057 273
1057 469
1057 623
1058 75
1058 274
1058 470
1058 624
1059 75
1059 275
1059 471
1059 625
1060 75
1060 276
1060 472
1060 626
1061 75
1061 277
1061 473
1061 627
1062 75
1062 278
1062 474
1062 628
1063 75
1063 279
1063 475
1063 629
1064 76
1064 266
1064 476
1064 630
1065 76
1065 267
1065 477
1065 631
1066 76
1066 268
1066 478
1066 632
1067 76
1067 269
1067 479
1067 633
1068 76
1068 270
1068 480
1068 634
1069 76
1069 271
1069 481
1069 635
1070 76
1070 272
1070 482
1070 636
1071 76
1071 273
1071 483
1071 637
1072 76
1072 274
1072 484
1072 638
1073 76
1073 275
1073 485
1073 639
1074 76
1074 276
1074 486
1074 640
1075 76
1075 277
1075 487
1075 641
1076 76
1076 278
1076 488
1076 642
1077 76
1077 279
1077 489
1077 643
1078 77
1078 266
1078 490
1078 630
1079 77
1079 267
1079 491
1079 631
1080 77
1080 268
1080 492
1080 632
1081 77
1081 269
1081 493
1081 633
1082 77
1082 270
1082 494
1082 634
1083 77
1083 271
1083 495
1083 635
1084 77
1084 272
1084 496
1084 636
1085 77
1085 273
1085 497
1085 637
1086 77
1086 274
1086 498
1086 638
1087 77
1087 275
1087 499
1087 639
1088 77
1088 276
1088 500
1088 640
1089 77
1089 277
1089 501
1089 641
1090 77
1090 278
1090 502
1090 642
1091 77
1091 279
1091 503
1091 643
1092 78
1092 266
1092 504
1092 644
1093 78
1093 267
1093 505
1093 645
1094 78
1094 268
1094 506
1094 646
1095 78
1095 269
1095 507
1095 647
1096 78
1096 270
1096 508
1096 648
1097 78
1097 271
1097 509
1097 649
1098 78
1098 272
1098 510
1098 650
1099 78
1099 273
1099 511
1099 651
1100 78
1100 274
1100 512
1100 652
1101 78
1101 275
1101 513
1101 653
1102 78
1102 276
1102 514
1102 654
1103 78
1103 277
1103 515
1103 655
1104 78
1104 278
1104 516
1104 656
1105 78
1105 279
1105 517
1105 657
1106 79
1106 266
1106 518
1106 644
1107 79
1107 267
1107 519
1107 645
1108 79
1108 268
1108 520
1108 646
1109 79
1109 269
1109 521
1109 647
1110 79
1110 270
1110 522
1110 648
1111 79
1111 271
1111 523
1111 649
1112 79
1112 272
1112 524
1112 650
1113 79
1113 273
1113 525
1113 651
1114 79
1114 274
1114 526
1114 652
1115 79
1115 275
1115 527
1115 653
1116 79
1116 276
1116 528
1116 654
1117 79
1117 277
1117 529
1117 655
1118 79
1118 278
1118 530
1118 656
1119 79
1119 279
1119 531
1119 657
1120 80
1120 266
1120 532
1120 658
1121 80
1121 267
1121 533
1121 659
1122 80
1122 268
1122 534
1122 660
1123 80
1123 269
1123 535
1123 661
1124 80
1124 270
1124 536
1124 662
1125 80
1125 271
1125 537
1125 663
1126 80
1126 272
1126 538
1126 664
1127 80
1127 273
1127 539
1127 665
1128 80
1128 274
1128 540
1128 666
1129 80
1129 275
1129 541
1129 667
1130 80
1130 276
1130 542
1130 668
1131 80
1131 277
1131 543
1131 669
1132 80
1132 278
1132 544
1132 670
1133 80
1133 279
1133 545
1133 671
1134 81
1134 266
1134 546
1134 658
1135 81
1135 267
1135 547
1135 659
1136 81
1136 268
1136 548
1136 660
1137 81
1137 269
1137 549
1137 661
1138 81
1138 270
1138 550
1138 662
1139 81
1139 271
1139 551
1139 663
1140 81
1140 272
1140 552
1140 664
1141 81
1141 273
1141 553
1141 665
1142 81
1142 274
1142 554
1142 666
1143 81
1143 275
1143 555
1143 667
1144 81
1144 276
1144 556
1144 668
1145 81
1145 277
1145 557
1145 669
1146 81
1146 278
1146 558
1146 670
1147 81
1147 279
1147 559
1147 671
1148 82
1148 266
1148 560
1148 672
1149 82
1149 267
1149 561
1149 673
1150 82
1150 268
1150 562
1150 674
1151 82
1151 269
1151 563
1151 675
1152 82
1152 270
1152 564
1152 676
1153 82
1153 271
1153 565
1153 677
1154 82
1154 272
1154 566
1154 678
1155 82
1155 273
1155 567
1155 679
1156 82
1156 274
1156 568
1156 680
1157 82
1157 275
1157 569
1157 681
1158 82
1158 276
1158 570
1158 682
1159 82
1159 277
1159 571
1159 683
1160 82
1160 278
1160 572
1160 684
1161 82
1161 279
1161 573
1161 685
1162 83
1162 266
1162 574
1162 672
1163 83
1163 267
1163 575
1163 673
1164 83
1164 268
1164 576
1164 674
1165 83
1165 269
1165 577
1165 675
1166 83
1166 270
1166 578
1166 676
1167 83
1167 271
1167 579
1167 677
1168 83
1168 272
1168 580
1168 678
1169 83
1169 273
1169 581
1169 679
1170 83
1170 274
1170 582
1170 680
1171 83
1171 275
1171 583
1171 681
1172 83
1172 276
1172 584
1172 682
1173 83
1173 277
1173 585
1173 683
1174 83
1174 278
1174 586
1174 684
1175 83
1175 279
1175 587
1175 685
1176 84
1176 280
1176 392
1176 588
1177 84
1177 281
1177 393
1177 589
1178 84
1178 282
1178 394
1178 590
1179 84
1179 283
1179 395
1179 591
1180 84
1180 284
1180 396
1180 592
1181 84
1181 285
1181 397
1181 593
1182 84
1182 286
1182 398
1182 594
1183 84
1183 287
1183 399
1183 595
1184 84
1184 288
1184 400
1184 596
1185 84
1185 289
1185 401
1185 597
1186 84
1186 290
1186 402
1186 598
1187 84
1187 291
1187 403
1187 599
1188 84
1188 292
1188 404
1188 600
1189 84
1189 293
1189 405
1189 601
1190 85
1190 280
1190 406
1190 588
1191 85
1191 281
1191 407
1191 589
1192 85
1192 282
1192 408
1192 590
1193 85
1193 283
1193 409
1193 591
1194 85
1194 284
1194 410
1194 592
1195 85
1195 285
1195 411
1195 593
1196 85
1196 286
1196 412
1196 594
1197 85
1197 287
1197 413
1197 595
1198 85
1198 288
1198 414
1198 596
1199 85
1199 289
1199 415
1199 597
1200 85
1200 290
1200 416
1200 598
1201 85
1201 291
1201 417
1201 599
1202 85
1202 292
1202 418
1202 600
1203 85
1203 293
1203 419
1203 601
1204 86
1204 280
1204 420
1204 602
1205 86
1205 281
1205 421
1205 603
1206 86
1206 282
1206 422
1206 604
1207 86
1207 283
1207 423
1207 605
1208 86
1208 284
1208 424
1208 606
1209 86
1209 285
1209 425
1209 607
1210 86
1210 286
1210 426
1210 608
1211 86
1211 287
1211 427
1211 609
1212 86
1212 288
1212 428
1212 610
1213 86
1213 289
1213 429
1213 611
1214 86
1214 290
1214 430
1214 612
1215 86
1215 291
1215 431
1215 613
1216 86
1216 292
1216 432
1216 614
1217 86
1217 293
1217 433
1217 615
1218 87
1218 280
1218 434
1218 602
1219 87
1219 281
1219 435
1219 603
1220 87
1220 282
1220 436
1220 604
1221 87
1221 283
1221 437
1221 605
1222 87
1222 284
1222 438
1222 606
1223 87
1223 285
1223 439
1223 607
1224 87
1224 286
1224 440
1224 608
1225 87
1225 287
1225 441
1225 609
1226 87
1226 288
1226 442
1226 610
1227 87
1227 289
1227 443
1227 611
1228 87
1228 290
1228 444
1228 612
1229 87
1229 291
1229 445
1229 613
1230 87
1230 292
1230 446
1230 614
1231 87
1231 293
1231 447
1231 615
1232 88
1232 280
1232 448
1232 616
1233 88
1233 281
1233 449
1233 617
1234 88
1234 282
1234 450
1234 618
1235 88
1235 283
1235 451
1235 619
1236 88
1236 284
1236 452
1236 620
1237 88
1237 285
1237 453
1237 621
1238 88
1238 286
1238 454
1238 622
1239 88
1239 287
1239 455
1239 623
1240 88
1240 288
1240 456
1240 624
1241 88
1241 289
1241 457
1241 625
1242 88
1242 290
1242 458
1242 626
1243 88
1243 291
1243 459
1243 627
1244 88
1244 292
1244 460
1244 628
1245 88
1245 293
1245 461
1245 629
1246 89
1246 280
1246 462
1246 616
1247 89
1247 281
1247 463
1247 617
1248 89
1248 282
1248 464
1248 618
1249 89
1249 283
1249 465
1249 619
1250 89
1250 284
1250 466
1250 620
1251 89
1251 285
1251 467
1251 621
1252 89
1252 286
1252 468
1252 622
1253 89
1253 287
1253 469
1253 623
1254 89
1254 288
1254 470
1254 624
1255 89
1255 289
1255 471
1255 625
1256 89
1256 290
1256 472
1256 626
1257 89
1257 291
1257 473
1257 627
1258 89
1258 292
1258 474
1258 628
1259 89
1259 293
1259 475
1259 629
1260 90
1260 280
1260 476
1260 630
1261 90
1261 281
1261 477
1261 631
1262 90
1262 282
1262 478
1262 632
1263 90
1263 283
1263 479
1263 633
1264 90
1264 284
1264 480
1264 634
1265 90
1265 285
1265 481
1265 635
1266 90
1266 286
1266 482
1266 636
1267 90
1267 287
1267 483
1267 637
1268 90
1268 288
1268 484
1268 638
1269 90
1269 289
1269 485
1269 639
1270 90
1270 290
1270 486
1270 640
1271 90
1271 291
1271 487
1271 641
1272 90
1272 292
1272 488
1272 642
1273 90
1273 293
1273 489
1273 643
1274 91
1274 280
1274 490
1274 630
1275 91
1275 281
1275 491
1275 631
1276 91
1276 282
1276 492
1276 632
1277 91
1277 283
1277 493
1277 633
1278 91
1278 284
1278 494
1278 634
1279 91
1279 285
1279 495
1279 635
1280 91
1280 286
1280 496
1280 636
1281 91
1281 287
1281 497
1281 637
1282 91
1282 288
1282 498
1282 638
1283 91
1283 289
1283 499
1283 639
1284 91
1284 290
1284 500
1284 640
1285 91
1285 291
1285 501
1285 641
1286 91
1286 292
1286 502
1286 642
1287 91
1287 293
1287 503
1287 643
1288 92
1288 280
1288 504
1288 644
1289 92
1289 281
1289 505
1289 645
1290 92
1290 282
1290 506
1290 646
1291 92
1291 283
1291 507
1291 647
1292 92
1292 284
1292 508
1292 648
1293 92
1293 285
1293 509
1293 649
1294 92
1294 286
1294 510
1294 650
1295 92
1295 287
1295 511
1295 651
1296 92
1296 288
1296 512
1296 652
1297 92
1297 289
1297 513
1297 653
1298 92
1298 290
1298 514
1298 654
1299 92
1299 291
1299 515
1299 655
1300 92
1300 292
1300 516
1300 656
1301 92
1301 293
1301 517
1301 657
1302 93
1302 280
1302 518
1302 644
1303 93
1303 281
1303 519
1303 645
1304 93
1304 282
1304 520
1304 646
1305 93
1305 283
1305 521
1305 647
1306 93
1306 284
1306 522
1306 648
1307 93
1307 285
1307 523
1307 649
1308 93
1308 286
1308 524
1308 650
1309 93
1309 287
1309 525
1309 651
1310 93
1310 288
1310 526
1310 652
1311 93
1311 289
1311 527
1311 653
1312 93
1312 290
1312 528
1312 654
1313 93
1313 291
1313 529
1313 655
1314 93
1314 292
1314 530
1314 656
1315 93
1315 293
1315 531
1315 657
1316 94
1316 280
1316 532
1316 658
1317 94
1317 281
1317 533
1317 659
1318 94
1318 282
1318 534
1318 660
1319 94
1319 283
1319 535
1319 661
1320 94
1320 284
1320 536
1320 662
1321 94
1321 285
1321 537
1321 663
1322 94
1322 286
1322 538
1322 664
1323 94
1323 287
1323 539
1323 665
1324 94
1324 288
1324 540
1324 666
1325 94
1325 289
1325 541
1325 667
1326 94
1326 290
1326 542
1326 668
1327 94
1327 291
1327 543
1327 669
1328 94
1328 292
1328 544
1328 670
1329 94
1329 293
1329 545
1329 671
1330 95
1330 280
1330 546
1330 658
1331 95
1331 281
1331 547
1331 659
1332 95
1332 282
1332 548
1332 660
1333 95
1333 283
1333 549
1333 661
1334 95
1334 284
1334 550
1334 662
1335 95
1335 285
1335 551
1335 663
1336 95
1336 286
1336 552
1336 664
1337 95
1337 287
1337 553
1337 665
1338 95
1338 288
1338 554
1338 666
1339 95
1339 289
1339 555
1339 667
1340 95
1340 290
1340 556
1340 668
1341 95
1341 291
1341 557
1341 669
1342 95
1342 292
1342 558
1342 670
1343 95
1343 293
1343 559
1343 671
1344 96
1344 280
1344 560
1344 672
1345 96
1345 281
1345 561
1345 673
1346 96
1346 282
1346 562
1346 674
1347 96
1347 283
1347 563
1347 675
1348 96
1348 284
1348 564
1348 676
1349 96
1349 285
1349 565
1349 677
1350 96
1350 286
1350 566
1350 678
1351 96
1351 287
1351 567
1351 679
1352 96
1352 288
1352 568
1352 680
1353 96
1353 289
1353 569
1353 681
1354 96
1354 290
1354 570
1354 682
1355 96
1355 291
1355 571
1355 683
1356 96
1356 292
1356 572
1356 684
1357 96
1357 293
1357 573
1357 685
1358 97
1358 280
1358 574
1358 672
1359 97
1359 281
1359 575
1359 673
1360 97
1360 282
1360 576
1360 674
1361 97
1361 283
1361 577
1361 675
1362 97
1362 284
1362 578
1362 676
1363 97
1363 285
1363 579
1363 677
1364 97
1364 286
1364 580
1364 678
1365 97
1365 287
1365 581
1365 679
1366 97
1366 288
1366 582
1366 680
1367 97
1367 289
1367 583
1367 681
1368 97
1368 290
1368 584
1368 682
1369 97
1369 291
1369 585
1369 683
1370 97
1370 292
1370 586
1370 684
1371 97
1371 293
1371 587
1371 685
1372 98
1372 294
1372 392
1372 686
1373 98
1373 295
1373 393
1373 687
1374 98
1374 296
1374 394
1374 688
1375 98
1375 297
1375 395
1375 689
1376 98
1376 298
1376 396
1376 690
1377 98
1377 299
1377 397
1377 691
1378 98
1378 300
1378 398
1378 692
1379 98
1379 301
1379 399
1379 693
1380 98
1380 302
1380 400
1380 694
1381 98
1381 303
1381 401
1381 695
1382 98
1382 304
1382 402
1382 696
1383 98
1383 305
1383 403
1383 697
1384 98
1384 306
1384 404
1384 698
1385 98
1385 307
1385 405
1385 699
1386 99
1386 294
1386 406
1386 686
1387 99
1387 295
1387 407
1387 687
1388 99
1388 296
1388 408
1388 688
1389 99
1389 297
1389 409
1389 689
1390 99
1390 298
1390 410
1390 690
1391 99
1391 299
1391 411
1391 691
1392 99
1392 300
1392 412
1392 692
1393 99
1393 301
1393 413
1393 693
1394 99
1394 302
1394 414
1394 694
1395 99
1395 303
1395 415
1395 695
1396 99
1396 304
1396 416
1396 696
1397 99
1397 305
1397 417
1397 697
1398 99
1398 306
1398 418
1398 698
1399 99
1399 307
1399 419
1399 699
1400 100
1400 294
1400 420
1400 700
1401 100
1401 295
1401 421
1401 701
1402 100
1402 296
1402 422
1402 702
1403 100
1403 297
1403 423
1403 703
1404 100
1404 298
1404 424
1404 704
1405 100
1405 299
1405 425
1405 705
1406 100
1406 300
1406 426
1406 706
1407 100
1407 301
1407 427
1407 707
1408 100
1408 302
1408 428
1408 708
1409 100
1409 303
1409 429
1409 709
1410 100
1410 304
1410 430
1410 710
1411 100
1411 305
1411 431
1411 711
1412 100
1412 306
1412 432
1412 712
1413 100
1413 307
1413 433
1413 713
1414 101
1414 294
1414 434
1414 700
1415 101
1415 295
1415 435
1415 701
1416 101
1416 296
1416 436
1416 702
1417 101
1417 297
1417 437
1417 703
1418 101
1418 298
1418 438
1418 704
1419 101
1419 299
1419 439
1419 705
1420 101
1420 300
1420 440
1420 706
1421 101
1421 301
1421 441
1421 707
1422 101
1422 302
1422 442
1422 708
1423 101
1423 303
1423 443
1423 709
1424 101
1424 304
1424 444
1424 710
1425 101
1425 305
1425 445
1425 711
1426 101
1426 306
1426 446
1426 712
1427 101
1427 307
1427 447
1427 713
1428 102
1428 294
1428 448
1428 714
1429 102
1429 295
1429 449
1429 715
1430 102
1430 296
1430 450
1430 716
1431 102
1431 297
1431 451
1431 717
1432 102
1432 298
1432 452
1432 718
1433 102
1433 299
1433 453
1433 719
1434 102
1434 300
1434 454
1434 720
1435 102
1435 301
1435 455
1435 721
1436 102
1436 302
1436 456
1436 722
1437 102
1437 303
1437 457
1437 723
1438 102
1438 304
1438 458
1438 724
1439 102
1439 305
1439 459
1439 725
1440 102
1440 306
1440 460
1440 726
1441 102
1441 307
1441 461
1441 727
1442 103
1442 294
1442 462
1442 714
1443 103
1443 295
1443 463
1443 715
1444 103
1444 296
1444 464
1444 716
1445 103
1445 297
1445 465
1445 717
1446 103
1446 298
1446 466
1446 718
1447 103
1447 299
1447 467
1447 719
1448 103
1448 300
1448 468
1448 720
1449 103
1449 301
1449 469
1449 721
1450 103
1450 302
1450 470
1450 722
1451 103
1451 303
1451 471
1451 723
1452 103
1452 304
1452 472
1452 724
1453 103
1453 305
1453 473
1453 725
1454 103
1454 306
1454 474
1454 726
1455 103
1455 307
1455 475
1455 727
1456 104
1456 294
1456 476
1456 728
1457 104
1457 295
1457 477
1457 729
1458 104
1458 296
1458 478
1458 730
1459 104
1459 297
1459 479
1459 731
1460 104
1460 298
1460 480
1460 732
1461 104
1461 299
1461 481
1461 733
1462 104
1462 300
1462 482
1462 734
1463 104
1463 301
1463 483
1463 735
1464 104
1464 302
1464 484
1464 736
1465 104
1465 303
1465 485
1465 737
1466 104
1466 304
1466 486
1466 738
1467 104
1467 305
1467 487
1467 739
1468 104
1468 306
1468 488
1468 740
1469 104
1469 307
1469 489
1469 741
1470 105
1470 294
1470 490
1470 728
1471 105
1471 295
1471 491
1471 729
1472 105
1472 296
1472 492
1472 730
1473 105
1473 297
1473 493
1473 731
1474 105
1474 298
1474 494
1474 732
1475 105
1475 299
1475 495
1475 733
1476 105
1476 300
1476 496
1476 734
1477 105
1477 301
1477 497
1477 735
1478 105
1478 302
1478 498
1478 736
1479 105
1479 303
1479 499
1479 737
1480 105
1480 304
1480 500
1480 738
1481 105
1481 305
1481 501
1481 739
1482 105
1482 306
1482 502
1482 740
1483 105
1483 307
1483 503
1483 741
1484 106
1484 294
1484 504
1484 742
1485 106
1485 295
1485 505
1485 743
1486 106
1486 296
1486 506
1486 744
1487 106
1487 297
1487 507
1487 745
1488 106
1488 298
1488 508
1488 746
1489 106
1489 299
1489 509
1489 747
1490 106
1490 300
1490 510
1490 748
1491 106
1491 301
1491 511
1491 749
1492 106
1492 302
1492 512
1492 750
1493 106
1493 303
1493 513
1493 751
1494 106
1494 304
1494 514
1494 752
1495 106
1495 305
1495 515
1495 753
1496 106
1496 306
1496 516
1496 754
1497 106
1497 307
1497 517
1497 755
1498 107
1498 294
1498 518
1498 742
1499 107
1499 295
1499 519
1499 743
1500 107
1500 296
1500 520
1500 744
1501 107
1501 297
1501 521
1501 745
1502 107
1502 298
1502 522
1502 746
1503 107
1503 299
1503 523
1503 747
1504 107
1504 300
1504 524
1504 748
1505 107
1505 301
1505 525
1505 749
1506 107
1506 302
1506 526
1506 750
1507 107
1507 303
1507 527
1507 751
1508 107
1508 304
1508 528
1508 752
1509 107
1509 305
1509 529
1509 753
1510 107
1510 306
1510 530
1510 754
1511 107
1511 307
1511 531
1511 755
1512 108
1512 294
1512 532
1512 756
1513 108
1513 295
1513 533
1513 757
1514 108
1514 296
1514 534
1514 758
1515 108
1515 297
1515 535
1515 759
1516 108
1516 298
1516 536
1516 760
1517 108
1517 299
1517 537
1517 761
1518 108
1518 300
1518 538
1518 762
1519 108
1519 301
1519 539
1519 763
1520 108
1520 302
1520 540
1520 764
1521 108
1521 303
1521 541
1521 765
1522 108
1522 304
1522 542
1522 766
1523 108
1523 305
1523 543
1523 767
1524 108
1524 306
1524 544
1524 768
1525 108
1525 307
1525 545
1525 769
1526 109
1526 294
1526 546
1526 756
1527 109
1527 295
1527 547
1527 757
1528 109
1528 296
1528 548
1528 758
1529 109
1529 297
1529 549
1529 759
1530 109
1530 298
1530 550
1530 760
1531 109
1531 299
1531 551
1531 761
1532 109
1532 300
1532 552
1532 762
1533 109
1533 301
1533 553
1533 763
1534 109
1534 302
1534 554
1534 764
1535 109
1535 303
1535 555
1535 765
1536 109
1536 304
1536 556
1536 766
1537 109
1537 305
1537 557
1537 767
1538 109
1538 306
1538 558
1538 768
1539 109
1539 307
1539 559
1539 769
1540 110
1540 294
1540 560
1540 770
1541 110
1541 295
1541 561
1541 771
1542 110
1542 296
1542 562
1542 772
1543 110
1543 297
1543 563
1543 773
1544 110
1544 298
1544 564
1544 774
1545 110
1545 299
1545 565
1545 775
1546 110
1546 300
1546 566
1546 776
1547 110
1547 301
1547 567
1547 777
1548 110
1548 302
1548 568
1548 778
1549 110
1549 303
1549 569
1549 779
1550 110
1550 304
1550 570
1550 780
1551 110
1551 305
1551 571
1551 781
1552 110
1552 306
1552 572
1552 782
1553 110
1553 307
1553 573
1553 783
1554 111
1554 294
1554 574
1554 770
1555 111
1555 295
1555 575
1555 771
1556 111
1556 296
1556 576
1556 772
1557 111
1557 297
1557 577
1557 773
1558 111
1558 298
1558 578
1558 774
1559 111
1559 299
1559 579
1559 775
1560 111
1560 300
1560 580
1560 776
1561 111
1561 301
1561 581
1561 777
1562 111
1562 302
1562 582
1562 778
1563 111
1563 303
1563 583
1563 779
1564 111
1564 304
1564 584
1564 780
1565 111
1565 305
1565 585
1565 781
1566 111
1566 306
1566 586
1566 782
1567 111
1567 307
1567 587
1567 783
1568 112
1568 308
1568 392
1568 686
1569 112
1569 309
1569 393
1569 687
1570 112
1570 310
1570 394
1570 688
1571 112
1571 311
1571 395
1571 689
1572 112
1572 312
1572 396
1572 690
1573 112
1573 313
1573 397
1573 691
1574 112
1574 314
1574 398
1574 692
1575 112
1575 315
1575 399
1575 693
1576 112
1576 316
1576 400
1576 694
1577 112
1577 317
1577 401
1577 695
1578 112
1578 318
1578 402
1578 696
1579 112
1579 319
1579 403
1579 697
1580 112
1580 320
1580 404
1580 698
1581 112
1581 321
1581 405
1581 699
1582 113
1582 308
1582 406
1582 686
1583 113
1583 309
1583 407
1583 687
1584 113
1584 310
1584 408
1584 688
1585 113
1585 311
1585 409
1585 689
1586 113
1586 312
1586 410
1586 690
1587 113
1587 313
1587 411
1587 691
1588 113
1588 314
1588 412
1588 692
1589 113
1589 315
1589 413
1589 693
1590 113
1590 316
1590 414
1590 694
1591 113
1591 317
1591 415
1591 695
1592 113
1592 318
1592 416
1592 696
1593 113
1593 319
1593 417
1593 697
1594 113
1594 320
1594 418
1594 698
1595 113
1595 321
1595 419
1595 699
1596 114
1596 308
1596 420
1596 700
1597 114
1597 309
1597 421
1597 701
1598 114
1598 310
1598 422
1598 702
1599 114
1599 311
1599 423
1599 703
1600 114
1600 312
1600 424
1600 704
1601 114
1601 313
1601 425
1601 705
1602 114
1602 314
1602 426
1602 706
1603 114
1603 315
1603 427
1603 707
1604 114
1604 316
1604 428
1604 708
1605 114
1605 317
1605 429
1605 709
1606 114
1606 318
1606 430
1606 710
1607 114
1607 319
1607 431
1607 711
1608 114
1608 320
1608 432
1608 712
1609 114
1609 321
1609 433
1609 713
1610 115
1610 308
1610 434
1610 700
1611 115
1611 309
1611 435
1611 701
1612 115
1612 310
1612 436
1612 702
1613 115
1613 311
1613 437
1613 703
1614 115
1614 312
1614 438
1614 704
1615 115
1615 313
1615 439
1615 705
1616 115
1616 314
1616 440
1616 706
1617 115
1617 315
1617 441
1617 707
1618 115
1618 316
1618 442
1618 708
1619 115
1619 317
1619 443
1619 709
1620 115
1620 318
1620 444
1620 710
1621 115
1621 319
1621 445
1621 711
1622 115
1622 320
1622 446
1622 712
1623 115
1623 321
1623 447
1623 713
1624 116
1624 308
1624 448
1624 714
1625 116
1625 309
1625 449
1625 715
1626 116
1626 310
1626 450
1626 716
1627 116
1627 311
1627 451
1627 717
1628 116
1628 312
1628 452
1628 718
1629 116
1629 313
1629 453
1629 719
1630 116
1630 314
1630 454
1630 720
1631 116
1631 315
1631 455
1631 721
1632 116
1632 316
1632 456
1632 722
1633 116
1633 317
1633 457
1633 723
1634 116
1634 318
1634 458
1634 724
1635 116
1635 319
1635 459
1635 725
1636 116
1636 320
1636 460
1636 726
1637 116
1637 321
1637 461
1637 727
1638 117
1638 308
1638 462
1638 714
1639 117
1639 309
1639 463
1639 715
1640 117
1640 310
1640 464
1640 716
1641 117
1641 311
1641 465
1641 717
1642 117
1642 312
1642 466
1642 718
1643 117
1643 313
1643 467
1643 719
1644 117
1644 314
1644 468
1644 720
1645 117
1645 315
1645 469
1645 721
1646 117
1646 316
1646 470
1646 722
1647 117
1647 317
1647 471
1647 723
1648 117
1648 318
1648 472
1648 724
1649 117
1649 319
1649 473
1649 725
1650 117
1650 320
1650 474
1650 726
1651 117
1651 321
1651 475
1651 727
1652 118
1652 308
1652 476
1652 728
1653 118
1653 309
1653 477
1653 729
1654 118
1654 310
1654 478
1654 730
1655 118
1655 311
1655 479
1655 731
1656 118
1656 312
1656 480
1656 732
1657 118
1657 313
1657 481
1657 733
1658 118
1658 314
1658 482
1658 734
1659 118
1659 315
1659 483
1659 735
1660 118
1660 316
1660 484
1660 736
1661 118
1661 317
1661 485
1661 737
1662 118
1662 318
1662 486
1662 738
1663 118
1663 319
1663 487
1663 739
1664 118
1664 320
1664 488
1664 740
1665 118
1665 321
1665 489
1665 741
1666 119
1666 308
1666 490
1666 728
1667 119
1667 309
1667 491
1667 729
1668 119
1668 310
1668 492
1668 730
1669 119
1669 311
1669 493
1669 731
1670 119
1670 312
1670 494
1670 732
1671 119
1671 313
1671 495
1671 733
1672 119
1672 314
1672 496
1672 734
1673 119
1673 315
1673 497
1673 735
1674 119
1674 316
1674 498
1674 736
1675 119
1675 317
1675 499
1675 737
1676 119
1676 318
1676 500
1676 738
1677 119
1677 319
1677 501
1677 739
1678 119
1678 320
1678 502
1678 740
1679 119
1679 321
1679 503
1679 741
1680 120
1680 308
1680 504
1680 742
1681 120
1681 309
1681 505
1681 743
1682 120
1682 310
1682 506
1682 744
1683 120
1683 311
1683 507
1683 745
1684 120
1684 312
1684 508
1684 746
1685 120
1685 313
1685 509
1685 747
1686 120
1686 314
1686 510
1686 748
1687 120
1687 315
1687 511
1687 749
1688 120
1688 316
1688 512
1688 750
1689 120
1689 317
1689 513
1689 751
1690 120
1690 318
1690 514
1690 752
1691 120
1691 319
1691 515
1691 753
1692 120
1692 320
1692 516
1692 754
1693 120
1693 321
1693 517
1693 755
1694 121
1694 308
1694 518
1694 742
1695 121
1695 309
1695 519
1695 743
1696 121
1696 310
1696 520
1696 744
1697 121
1697 311
1697 521
1697 745
1698 121
1698 312
1698 522
1698 746
1699 121
1699 313
1699 523
1699 747
1700 121
1700 314
1700 524
1700 748
1701 121
1701 315
1701 525
1701 749
1702 121
1702 316
1702 526
1702 750
1703 121
1703 317
1703 527
1703 751
1704 121
1704 318
1704 528
1704 752
1705 121
1705 319
1705 529
1705 753
1706 121
1706 320
1706 530
1706 754
1707 121
1707 321
1707 531
1707 755
1708 122
1708 308
1708 532
1708 756
1709 122
1709 309
1709 533
1709 757
1710 122
1710 310
1710 534
1710 758
1711 122
1711 311
1711 535
1711 759
1712 122
1712 312
1712 536
1712 760
1713 122
1713 313
1713 537
1713 761
1714 122
1714 314
1714 538
1714 762
1715 122
1715 315
1715 539
1715 763
1716 122
1716 316
1716 540
1716 764
1717 122
1717 317
1717 541
1717 765
1718 122
1718 318
1718 542
1718 766
1719 122
1719 319
1719 543
1719 767
1720 122
1720 320
1720 544
1720 768
1721 122
1721 321
1721 545
1721 769
1722 123
1722 308
1722 546
1722 756
1723 123
1723 309
1723 547
1723 757
1724 123
1724 310
1724 548
1724 758
1725 123
1725 311
1725 549
1725 759
1726 123
1726 312
1726 550
1726 760
1727 123
1727 313
1727 551
1727 761
1728 123
1728 314
1728 552
1728 762
1729 123
1729 315
1729 553
1729 763
1730 123
1730 316
1730 554
1730 764
1731 123
1731 317
1731 555
1731 765
1732 123
1732 318
1732 556
1732 766
1733 123
1733 319
1733 557
1733 767
1734 123
1734 320
1734 558
1734 768
1735 123
1735 321
1735 559
1735 769
1736 124
1736 308
1736 560
1736 770
1737 124
1737 309
1737 561
1737 771
1738 124
1738 310
1738 562
1738 772
1739 124
1739 311
1739 563
1739 773
1740 124
1740 312
1740 564
1740 774
1741 124
1741 313
1741 565
1741 775
1742 124
1742 314
1742 566
1742 776
1743 124
1743 315
1743 567
1743 777
1744 124
1744 316
1744 568
1744 778
1745 124
1745 317
1745 569
1745 779
1746 124
1746 318
1746 570
1746 780
1747 124
1747 319
1747 571
1747 781
1748 124
1748 320
1748 572
1748 782
1749 124
1749 321
1749 573
1749 783
1750 125
1750 308
1750 574
1750 770
1751 125
1751 309
1751 575
1751 771
1752 125
1752 310
1752 576
1752 772
1753 125
1753 311
1753 577
1753 773
1754 125
1754 312
1754 578
1754 774
1755 125
1755 313
1755 579
1755 775
1756 125
1756 314
1756 580
1756 776
1757 125
1757 315
1757 581
1757 777
1758 125
1758 316
1758 582
1758 778
1759 125
1759 317
1759 583
1759 779
1760 125
1760 318
1760 584
1760 780
1761 125
1761 319
1761 585
1761 781
1762 125
1762 320
1762 586
1762 782
1763 125
1763 321
1763 587
1763 783
1764 126
1764 322
1764 392
1764 686
1765 126
1765 323
1765 393
1765 687
1766 126
1766 324
1766 394
1766 688
1767 126
1767 325
1767 395
1767 689
1768 126
1768 326
1768 396
1768 690
1769 126
1769 327
1769 397
1769 691
1770 126
1770 328
1770 398
1770 692
1771 126
1771 329
1771 399
1771 693
1772 126
1772 330
1772 400
1772 694
1773 126
1773 331
1773 401
1773 695
1774 126
1774 332
1774 402
1774 696
1775 126
1775 333
1775 403
1775 697
1776 126
1776 334
1776 404
1776 698
1777 126
1777 335
1777 405
1777 699
1778 127
1778 322
1778 406
1778 686
1779 127
1779 323
1779 407
1779 687
1780 127
1780 324
1780 408
1780 688
1781 127
1781 325
1781 409
1781 689
1782 127
1782 326
1782 410
1782 690
1783 127
1783 327
1783 411
1783 691
1784 127
1784 328
1784 412
1784 692
1785 127
1785 329
1785 413
1785 693
1786 127
1786 330
1786 414
1786 694
1787 127
1787 331
1787 415
1787 695
1788 127
1788 332
1788 416
1788 696
1789 127
1789 333
1789 417
1789 697
1790 127
1790 334
1790 418
1790 698
1791 127
1791 335
1791 419
1791 699
1792 128
1792 322
1792 420
1792 700
1793 128
1793 323
1793 421
1793 701
1794 128
1794 324
1794 422
1794 702
1795 128
1795 325
1795 423
1795 703
1796 128
1796 326
1796 424
1796 704
1797 128
1797 327
1797 425
1797 705
1798 128
1798 328
1798 426
1798 706
1799 128
1799 329
1799 427
1799 707
1800 128
1800 330
1800 428
1800 708
1801 128
1801 331
1801 429
1801 709
1802 128
1802 332
1802 430
1802 710
1803 128
1803 333
1803 431
1803 711
1804 128
1804 334
1804 432
1804 712
1805 128
1805 335
1805 433
1805 713
1806 129
1806 322
1806 434
1806 700
1807 129
1807 323
1807 435
1807 701
1808 129
1808 324
1808 436
1808 702
1809 129
1809 325
1809 437
1809 703
1810 129
1810 326
1810 438
1810 704
1811 129
1811 327
1811 439
1811 705
1812 129
1812 328
1812 440
1812 706
1813 129
1813 329
1813 441
1813 707
1814 129
1814 330
1814 442
1814 708
1815 129
1815 331
1815 443
1815 709
1816 129
1816 332
1816 444
1816 710
1817 129
1817 333
1817 445
1817 711
1818 129
1818 334
1818 446
1818 712
1819 129
1819 335
1819 447
1819 713
1820 130
1820 322
1820 448
1820 714
1821 130
1821 323
1821 449
1821 715
1822 130
1822 324
1822 450
1822 716
1823 130
1823 325
1823 451
1823 717
1824 130
1824 326
1824 452
1824 718
1825 130
1825 327
1825 453
1825 719
1826 130
1826 328
1826 454
1826 720
1827 130
1827 329
1827 455
1827 721
1828 130
1828 330
1828 456
1828 722
1829 130
1829 331
1829 457
1829 723
1830 130
1830 332
1830 458
1830 724
1831 130
1831 333
1831 459
1831 725
1832 130
1832 334
1832 460
1832 726
1833 130
1833 335
1833 461
1833 727
1834 131
1834 322
1834 462
1834 714
1835 131
1835 323
1835 463
1835 715
1836 131
1836 324
1836 464
1836 716
1837 131
1837 325
1837 465
1837 717
1838 131
1838 326
1838 466
1838 718
1839 131
1839 327
1839 467
1839 719
1840 131
1840 328
1840 468
1840 720
1841 131
1841 329
1841 469
1841 721
1842 131
1842 330
1842 470
1842 722
1843 131
1843 331
1843 471
1843 723
1844 131
1844 332
1844 472
1844 724
1845 131
1845 333
1845 473
1845 725
1846 131
1846 334
1846 474
1846 726
1847 131
1847 335
1847 475
1847 727
1848 132
1848 322
1848 476
1848 728
1849 132
1849 323
1849 477
1849 729
1850 132
1850 324
1850 478
1850 730
1851 132
1851 325
1851 479
1851 731
1852 132
1852 326
1852 480
1852 732
1853 132
1853 327
1853 481
1853 733
1854 132
1854 328
1854 482
1854 734
1855 132
1855 329
1855 483
1855 735
1856 132
1856 330
1856 484
1856 736
1857 132
1857 331
1857 485
1857 737
1858 132
1858 332
1858 486
1858 738
1859 132
1859 333
1859 487
1859 739
1860 132
1860 334
1860 488
1860 740
1861 132
1861 335
1861 489
1861 741
1862 133
1862 322
1862 490
1862 728
1863 133
1863 323
1863 491
1863 729
1864 133
1864 324
1864 492
1864 730
1865 133
1865 325
1865 493
1865 731
1866 133
1866 326
1866 494
1866 732
1867 133
1867 327
1867 495
1867 733
1868 133
1868 328
1868 496
1868 734
1869 133
1869 329
1869 497
1869 735
1870 133
1870 330
1870 498
1870 736
1871 133
1871 331
1871 499
1871 737
1872 133
1872 332
1872 500
1872 738
1873 133
1873 333
1873 501
1873 739
1874 133
1874 334
1874 502
1874 740
1875 133
1875 335
1875 503
1875 741
1876 134
1876 322
1876 504
1876 742
1877 134
1877 323
1877 505
1877 743
1878 134
1878 324
1878 506
1878 744
1879 134
1879 325
1879 507
1879 745
1880 134
1880 326
1880 508
1880 746
1881 134
1881 327
1881 509
1881 747
1882 134
1882 328
1882 510
1882 748
1883 134
1883 329
1883 511
1883 749
1884 134
1884 330
1884 512
1884 750
1885 134
1885 331
1885 513
1885 751
1886 134
1886 332
1886 514
1886 752
1887 134
1887 333
1887 515
1887 753
1888 134
1888 334
1888 516
1888 754
1889 134
1889 335
1889 517
1889 755
1890 135
1890 322
1890 518
1890 742
1891 135
1891 323
1891 519
1891 743
1892 135
1892 324
1892 520
1892 744
1893 135
1893 325
1893 521
1893 745
1894 135
1894 326
1894 522
1894 746
1895 135
1895 327
1895 523
1895 747
1896 135
1896 328
1896 524
1896 748
1897 135
1897 329
1897 525
1897 749
1898 135
1898 330
1898 526
1898 750
1899 135
1899 331
1899 527
1899 751
1900 135
1900 332
1900 528
1900 752
1901 135
1901 333
1901 529
1901 753
1902 135
1902 334
1902 530
1902 754
1903 135
1903 335
1903 531
1903 755
1904 136
1904 322
1904 532
1904 756
1905 136
1905 323
1905 533
1905 757
1906 136
1906 324
1906 534
1906 758
1907 136
1907 325
1907 535
1907 759
1908 136
1908 326
1908 536
1908 760
1909 136
1909 327
1909 537
1909 761
1910 136
1910 328
1910 538
1910 762
1911 136
1911 329
1911 539
1911 763
1912 136
1912 330
1912 540
1912 764
1913 136
1913 331
1913 541
1913 765
1914 136
1914 332
1914 542
1914 766
1915 136
1915 333
1915 543
1915 767
1916 136
1916 334
1916 544
1916 768
1917 136
1917 335
1917 545
1917 769
1918 137
1918 322
1918 546
1918 756
1919 137
1919 323
1919 547
1919 757
1920 137
1920 324
1920 548
1920 758
1921 137
1921 325
1921 549
1921 759
1922 137
1922 326
1922 550
1922 760
1923 137
1923 327
1923 551
1923 761
1924 137
1924 328
1924 552
1924 762
1925 137
1925 329
1925 553
1925 763
1926 137
1926 330
1926 554
1926 764
1927 137
1927 331
1927 555
1927 765
1928 137
1928 332
1928 556
1928 766
1929 137
1929 333
1929 557
1929 767
1930 137
1930 334
1930 558
1930 768
1931 137
1931 335
1931 559
1931 769
1932 138
1932 322
1932 560
1932 770
1933 138
1933 323
1933 561
1933 771
1934 138
1934 324
1934 562
1934 772
1935 138
1935 325
1935 563
1935 773
1936 138
1936 326
1936 564
1936 774
1937 138
1937 327
1937 565
1937 775
1938 138
1938 328
1938 566
1938 776
1939 138
1939 329
1939 567
1939 777
1940 138
1940 330
1940 568
1940 778
1941 138
1941 331
1941 569
1941 779
1942 138
1942 332
1942 570
1942 780
1943 138
1943 333
1943 571
1943 781
1944 138
1944 334
1944 572
1944 782
1945 138
1945 335
1945 573
1945 783
1946 139
1946 322
1946 574
1946 770
1947 139
1947 323
1947 575
1947 771
1948 139
1948 324
1948 576
1948 772
1949 139
1949 325
1949 577
1949 773
1950 139
1950 326
1950 578
1950 774
1951 139
1951 327
1951 579
1951 775
1952 139
1952 328
1952 580
1952 776
1953 139
1953 329
1953 581
1953 777
1954 139
1954 330
1954 582
1954 778
1955 139
1955 331
1955 583
1955 779
1956 139
1956 332
1956 584
1956 780
1957 139
1957 333
1957 585
1957 781
1958 139
1958 334
1958 586
1958 782
1959 139
1959 335
1959 587
1959 783
1960 140
1960 336
1960 392
1960 686
1961 140
1961 337
1961 393
1961 687
1962 140
1962 338
1962 394
1962 688
1963 140
1963 339
1963 395
1963 689
1964 140
1964 340
1964 396
1964 690
1965 140
1965 341
1965 397
1965 691
1966 140
1966 342
1966 398
1966 692
1967 140
1967 343
1967 399
1967 693
1968 140
1968 344
1968 400
1968 694
1969 140
1969 345
1969 401
1969 695
1970 140
1970 346
1970 402
1970 696
1971 140
1971 347
1971 403
1971 697
1972 140
1972 348
1972 404
1972 698
1973 140
1973 349
1973 405
1973 699
1974 141
1974 336
1974 406
1974 686
1975 141
1975 337
1975 407
1975 687
1976 141
1976 338
1976 408
1976 688
1977 141
1977 339
1977 409
1977 689
1978 141
1978 340
1978 410
1978 690
1979 141
1979 341
1979 411
1979 691
1980 141
1980 342
1980 412
1980 692
1981 141
1981 343
1981 413
1981 693
1982 141
1982 344
1982 414
1982 694
1983 141
1983 345
1983 415
1983 695
1984 141
1984 346
1984 416
1984 696
1985 141
1985 347
1985 417
1985 697
1986 141
1986 348
1986 418
1986 698
1987 141
1987 349
1987 419
1987 699
1988 142
1988 336
1988 420
1988 700
1989 142
1989 337
1989 421
1989 701
1990 142
1990 338
1990 422
1990 702
1991 142
1991 339
1991 423
1991 703
1992 142
1992 340
1992 424
1992 704
1993 142
1993 341
1993 425
1993 705
1994 142
1994 342
1994 426
1994 706
1995 142
1995 343
1995 427
1995 707
1996 142
1996 344
1996 428
1996 708
1997 142
1997 345
1997 429
1997 709
1998 142
1998 346
1998 430
1998 710
1999 142
1999 347
1999 431
1999 711
2000 142
2000 348
2000 432
2000 712
2001 142
2001 349
2001 433
2001 713
2002 143
2002 336
2002 434
2002 700
2003 143
2003 337
2003 435
2003 701
2004 143
2004 338
2004 436
2004 702
2005 143
2005 339
2005 437
2005 703
2006 143
2006 340
2006 438
2006 704
2007 143
2007 341
2007 439
2007 705
2008 143
2008 342
2008 440
2008 706
2009 143
2009 343
2009 441
2009 707
2010 143
2010 344
2010 442
2010 708
2011 143
2011 345
2011 443
2011 709
2012 143
2012 346
2012 444
2012 710
2013 143
2013 347
2013 445
2013 711
2014 143
2014 348
2014 446
2014 712
2015 143
2015 349
2015 447
2015 713
2016 144
2016 336
2016 448
2016 714
2017 144
2017 337
2017 449
2017 715
2018 144
2018 338
2018 450
2018 716
2019 144
2019 339
2019 451
2019 717
2020 144
2020 340
2020 452
2020 718
2021 144
2021 341
2021 453
2021 719
2022 144
2022 342
2022 454
2022 720
2023 144
2023 343
2023 455
2023 721
2024 144
2024 344
2024 456
2024 722
2025 144
2025 345
2025 457
2025 723
2026 144
2026 346
2026 458
2026 724
2027 144
2027 347
2027 459
2027 725
2028 144
2028 348
2028 460
2028 726
2029 144
2029 349
2029 461
2029 727
2030 145
2030 336
2030 462
2030 714
2031 145
2031 337
2031 463
2031 715
2032 145
2032 338
2032 464
2032 716
2033 145
2033 339
2033 465
2033 717
2034 145
2034 340
2034 466
2034 718
2035 145
2035 341
2035 467
2035 719
2036 145
2036 342
2036 468
2036 720
2037 145
2037 343
2037 469
2037 721
2038 145
2038 344
2038 470
2038 722
2039 145
2039 345
2039 471
2039 723
2040 145
2040 346
2040 472
2040 724
2041 145
2041 347
2041 473
2041 725
2042 145
2042 348
2042 474
2042 726
2043 145
2043 349
2043 475
2043 727
2044 146
2044 336
2044 476
2044 728
2045 146
2045 337
2045 477
2045 729
2046 146
2046 338
2046 478
2046 730
2047 146
2047 339
2047 479
2047 731
2048 146
2048 340
2048 480
2048 732
2049 146
2049 341
2049 481
2049 733
2050 146
2050 342
2050 482
2050 734
2051 146
2051 343
2051 483
2051 735
2052 146
2052 344
2052 484
2052 736
2053 146
2053 345
2053 485
2053 737
2054 146
2054 346
2054 486
2054 738
2055 146
2055 347
2055 487
2055 739
2056 146
2056 348
2056 488
2056 740
2057 146
2057 349
2057 489
2057 741
2058 147
2058 336
2058 490
2058 728
2059 147
2059 337
2059 491
2059 729
2060 147
2060 338
2060 492
2060 730
2061 147
2061 339
2061 493
2061 731
2062 147
2062 340
2062 494
2062 732
2063 147
2063 341
2063 495
2063 733
2064 147
2064 342
2064 496
2064 734
2065 147
2065 343
2065 497
2065 735
2066 147
2066 344
2066 498
2066 736
2067 147
2067 345
2067 499
2067 737
2068 147
2068 346
2068 500
2068 738
2069 147
2069 347
2069 501
2069 739
2070 147
2070 348
2070 502
2070 740
2071 147
2071 349
2071 503
2071 741
2072 148
2072 336
2072 504
2072 742
2073 148
2073 337
2073 505
2073 743
2074 148
2074 338
2074 506
2074 744
2075 148
2075 339
2075 507
2075 745
2076 148
2076 340
2076 508
2076 746
2077 148
2077 341
2077 509
2077 747
2078 148
2078 342
2078 510
2078 748
2079 148
2079 343
2079 511
2079 749
2080 148
2080 344
2080 512
2080 750
2081 148
2081 345
2081 513
2081 751
2082 148
2082 346
2082 514
2082 752
2083 148
2083 347
2083 515
2083 753
2084 148
2084 348
2084 516
2084 754
2085 148
2085 349
2085 517
2085 755
2086 149
2086 336
2086 518
2086 742
2087 149
2087 337
2087 519
2087 743
2088 149
2088 338
2088 520
2088 744
2089 149
2089 339
2089 521
2089 745
2090 149
2090 340
2090 522
2090 746
2091 149
2091 341
2091 523
2091 747
2092 149
2092 342
2092 524
2092 748
2093 149
2093 343
2093 525
2093 749
2094 149
2094 344
2094 526
2094 750
2095 149
2095 345
2095 527
2095 751
2096 149
2096 346
2096 528
2096 752
2097 149
2097 347
2097 529
2097 753
2098 149
2098 348
2098 530
2098 754
2099 149
2099 349
2099 531
2099 755
2100 150
2100 336
2100 532
2100 756
2101 150
2101 337
2101 533
2101 757
2102 150
2102 338
2102 534
2102 758
2103 150
2103 339
2103 535
2103 759
2104 150
2104 340
2104 536
2104 760
2105 150
2105 341
2105 537
2105 761
2106 150
2106 342
2106 538
2106 762
2107 150
2107 343
2107 539
2107 763
2108 150
2108 344
2108 540
2108 764
2109 150
2109 345
2109 541
2109 765
2110 150
2110 346
2110 542
2110 766
2111 150
2111 347
2111 543
2111 767
2112 150
2112 348
2112 544
2112 768
2113 150
2113 349
2113 545
2113 769
2114 151
2114 336
2114 546
2114 756
2115 151
2115 337
2115 547
2115 757
2116 151
2116 338
2116 548
2116 758
2117 151
2117 339
2117 549
2117 759
2118 151
2118 340
2118 550
2118 760
2119 151
2119 341
2119 551
2119 761
2120 151
2120 342
2120 552
2120 762
2121 151
2121 343
2121 553
2121 763
2122 151
2122 344
2122 554
2122 764
2123 151
2123 345
2123 555
2123 765
2124 151
2124 346
2124 556
2124 766
2125 151
2125 347
2125 557
2125 767
2126 151
2126 348
2126 558
2126 768
2127 151
2127 349
2127 559
2127 769
2128 152
2128 336
2128 560
2128 770
2129 152
2129 337
2129 561
2129 771
2130 152
2130 338
2130 562
2130 772
2131 152
2131 339
2131 563
2131 773
2132 152
2132 340
2132 564
2132 774
2133 152
2133 341
2133 565
2133 775
2134 152
2134 342
2134 566
2134 776
2135 152
2135 343
2135 567
2135 777
2136 152
2136 344
2136 568
2136 778
2137 152
2137 345
2137 569
2137 779
2138 152
2138 346
2138 570
2138 780
2139 152
2139 347
2139 571
2139 781
2140 152
2140 348
2140 572
2140 782
2141 152
2141 349
2141 573
2141 783
2142 153
2142 336
2142 574
2142 770
2143 153
2143 337
2143 575
2143 771
2144 153
2144 338
2144 576
2144 772
2145 153
2145 339
2145 577
2145 773
2146 153
2146 340
2146 578
2146 774
2147 153
2147 341
2147 579
2147 775
2148 153
2148 342
2148 580
2148 776
2149 153
2149 343
2149 581
2149 777
2150 153
2150 344
2150 582
2150 778
2151 153
2151 345
2151 583
2151 779
2152 153
2152 346
2152 584
2152 780
2153 153
2153 347
2153 585
2153 781
2154 153
2154 348
2154 586
2154 782
2155 153
2155 349
2155 587
2155 783
2156 154
2156 350
2156 392
2156 686
2157 154
2157 351
2157 393
2157 687
2158 154
2158 352
2158 394
2158 688
2159 154
2159 353
2159 395
2159 689
2160 154
2160 354
2160 396
2160 690
2161 154
2161 355
2161 397
2161 691
2162 154
2162 356
2162 398
2162 692
2163 154
2163 357
2163 399
2163 693
2164 154
2164 358
2164 400
2164 694
2165 154
2165 359
2165 401
2165 695
2166 154
2166 360
2166 402
2166 696
2167 154
2167 361
2167 403
2167 697
2168 154
2168 362
2168 404
2168 698
2169 154
2169 363
2169 405
2169 699
2170 155
2170 350
2170 406
2170 686
2171 155
2171 351
2171 407
2171 687
2172 155
2172 352
2172 408
2172 688
2173 155
2173 353
2173 409
2173 689
2174 155
2174 354
2174 410
2174 690
2175 155
2175 355
2175 411
2175 691
2176 155
2176 356
2176 412
2176 692
2177 155
2177 357
2177 413
2177 693
2178 155
2178 358
2178 414
2178 694
2179 155
2179 359
2179 415
2179 695
2180 155
2180 360
2180 416
2180 696
2181 155
2181 361
2181 417
2181 697
2182 155
2182 362
2182 418
2182 698
2183 155
2183 363
2183 419
2183 699
2184 156
2184 350
2184 420
2184 700
2185 156
2185 351
2185 421
2185 701
2186 156
2186 352
2186 422
2186 702
2187 156
2187 353
2187 423
2187 703
2188 156
2188 354
2188 424
2188 704
2189 156
2189 355
2189 425
2189 705
2190 156
2190 356
2190 426
2190 706
2191 156
2191 357
2191 427
2191 707
2192 156
2192 358
2192 428
2192 708
2193 156
2193 359
2193 429
2193 709
2194 156
2194 360
2194 430
2194 710
2195 156
2195 361
2195 431
2195 711
2196 156
2196 362
2196 432
2196 712
2197 156
2197 363
2197 433
2197 713
2198 157
2198 350
2198 434
2198 700
2199 157
2199 351
2199 435
2199 701
2200 157
2200 352
2200 436
2200 702
2201 157
2201 353
2201 437
2201 703
2202 157
2202 354
2202 438
2202 704
2203 157
2203 355
2203 439
2203 705
2204 157
2204 356
2204 440
2204 706
2205 157
2205 357
2205 441
2205 707
2206 157
2206 358
2206 442
2206 708
2207 157
2207 359
2207 443
2207 709
2208 157
2208 360
2208 444
2208 710
2209 157
2209 361
2209 445
2209 711
2210 157
2210 362
2210 446
2210 712
2211 157
2211 363
2211 447
2211 713
2212 158
2212 350
2212 448
2212 714
2213 158
2213 351
2213 449
2213 715
2214 158
2214 352
2214 450
2214 716
2215 158
2215 353
2215 451
2215 717
2216 158
2216 354
2216 452
2216 718
2217 158
2217 355
2217 453
2217 719
2218 158
2218 356
2218 454
2218 720
2219 158
2219 357
2219 455
2219 721
2220 158
2220 358
2220 456
2220 722
2221 158
2221 359
2221 457
2221 723
2222 158
2222 360
2222 458
2222 724
2223 158
2223 361
2223 459
2223 725
2224 158
2224 362
2224 460
2224 726
2225 158
2225 363
2225 461
2225 727
2226 159
2226 350
2226 462
2226 714
2227 159
2227 351
2227 463
2227 715
2228 159
2228 352
2228 464
2228 716
2229 159
2229 353
2229 465
2229 717
2230 159
2230 354
2230 466
2230 718
2231 159
2231 355
2231 467
2231 719
2232 159
2232 356
2232 468
2232 720
2233 159
2233 357
2233 469
2233 721
2234 159
2234 358
2234 470
2234 722
2235 159
2235 359
2235 471
2235 723
2236 159
2236 360
2236 472
2236 724
2237 159
2237 361
2237 473
2237 725
2238 159
2238 362
2238 474
2238 726
2239 159
2239 363
2239 475
2239 727
2240 160
2240 350
2240 476
2240 728
2241 160
2241 351
2241 477
2241 729
2242 160
2242 352
2242 478
2242 730
2243 160
2243 353
2243 479
2243 731
2244 160
2244 354
2244 480
2244 732
2245 160
2245 355
2245 481
2245 733
2246 160
2246 356
2246 482
2246 734
2247 160
2247 357
2247 483
2247 735
2248 160
2248 358
2248 484
2248 736
2249 160
2249 359
2249 485
2249 737
2250 160
2250 360
2250 486
2250 738
2251 160
2251 361
2251 487
2251 739
2252 160
2252 362
2252 488
2252 740
2253 160
2253 363
2253 489
2253 741
2254 161
2254 350
2254 490
2254 728
2255 161
2255 351
2255 491
2255 729
2256 161
2256 352
2256 492
2256 730
2257 161
2257 353
2257 493
2257 731
2258 161
2258 354
2258 494
2258 732
2259 161
2259 355
2259 495
2259 733
2260 161
2260 356
2260 496
2260 734
2261 161
2261 357
2261 497
2261 735
2262 161
2262 358
2262 498
2262 736
2263 161
2263 359
2263 499
2263 737
2264 161
2264 360
2264 500
2264 738
2265 161
2265 361
2265 501
2265 739
2266 161
2266 362
2266 502
2266 740
2267 161
2267 363
2267 503
2267 741
2268 162
2268 350
2268 504
2268 742
2269 162
2269 351
2269 505
2269 743
2270 162
2270 352
2270 506
2270 744
2271 162
2271 353
2271 507
2271 745
2272 162
2272 354
2272 508
2272 746
2273 162
2273 355
2273 509
2273 747
2274 162
2274 356
2274 510
2274 748
2275 162
2275 357
2275 511
2275 749
2276 162
2276 358
2276 512
2276 750
2277 162
2277 359
2277 513
2277 751
2278 162
2278 360
2278 514
2278 752
2279 162
2279 361
2279 515
2279 753
2280 162
2280 362
2280 516
2280 754
2281 162
2281 363
2281 517
2281 755
2282 163
2282 350
2282 518
2282 742
2283 163
2283 351
2283 519
2283 743
2284 163
2284 352
2284 520
2284 744
2285 163
2285 353
2285 521
2285 745
2286 163
2286 354
2286 522
2286 746
2287 163
2287 355
2287 523
2287 747
2288 163
2288 356
2288 524
2288 748
2289 163
2289 357
2289 525
2289 749
2290 163
2290 358
2290 526
2290 750
2291 163
2291 359
2291 527
2291 751
2292 163
2292 360
2292 528
2292 752
2293 163
2293 361
2293 529
2293 753
2294 163
2294 362
2294 530
2294 754
2295 163
2295 363
2295 531
2295 755
2296 164
2296 350
2296 532
2296 756
2297 164
2297 351
2297 533
2297 757
2298 164
2298 352
2298 534
2298 758
2299 164
2299 353
2299 535
2299 759
2300 164
2300 354
2300 536
2300 760
2301 164
2301 355
2301 537
2301 761
2302 164
2302 356
2302 538
2302 762
2303 164
2303 357
2303 539
2303 763
2304 164
2304 358
2304 540
2304 764
2305 164
2305 359
2305 541
2305 765
2306 164
2306 360
2306 542
2306 766
2307 164
2307 361
2307 543
2307 767
2308 164
2308 362
2308 544
2308 768
2309 164
2309 363
2309 545
2309 769
2310 165
2310 350
2310 546
2310 756
2311 165
2311 351
2311 547
2311 757
2312 165
2312 352
2312 548
2312 758
2313 165
2313 353
2313 549
2313 759
2314 165
2314 354
2314 550
2314 760
2315 165
2315 355
2315 551
2315 761
2316 165
2316 356
2316 552
2316 762
2317 165
2317 357
2317 553
2317 763
2318 165
2318 358
2318 554
2318 764
2319 165
2319 359
2319 555
2319 765
2320 165
2320 360
2320 556
2320 766
2321 165
2321 361
2321 557
2321 767
2322 165
2322 362
2322 558
2322 768
2323 165
2323 363
2323 559
2323 769
2324 166
2324 350
2324 560
2324 770
2325 166
2325 351
2325 561
2325 771
2326 166
2326 352
2326 562
2326 772
2327 166
2327 353
2327 563
2327 773
2328 166
2328 354
2328 564
2328 774
2329 166
2329 355
2329 565
2329 775
2330 166
2330 356
2330 566
2330 776
2331 166
2331 357
2331 567
2331 777
2332 166
2332 358
2332 568
2332 778
2333 166
2333 359
2333 569
2333 779
2334 166
2334 360
2334 570
2334 780
2335 166
2335 361
2335 571
2335 781
2336 166
2336 362
2336 572
2336 782
2337 166
2337 363
2337 573
2337 783
2338 167
2338 350
2338 574
2338 770
2339 167
2339 351
2339 575
2339 771
2340 167
2340 352
2340 576
2340 772
2341 167
2341 353
2341 577
2341 773
2342 167
2342 354
2342 578
2342 774
2343 167
2343 355
2343 579
2343 775
2344 167
2344 356
2344 580
2344 776
2345 167
2345 357
2345 581
2345 777
2346 167
2346 358
2346 582
2346 778
2347 167
2347 359
2347 583
2347 779
2348 167
2348 360
2348 584
2348 780
2349 167
2349 361
2349 585
2349 781
2350 167
2350 362
2350 586
2350 782
2351 167
2351 363
2351 587
2351 783
2352 168
2352 364
2352 392
2352 686
2353 168
2353 365
2353 393
2353 687
2354 168
2354 366
2354 394
2354 688
2355 168
2355 367
2355 395
2355 689
2356 168
2356 368
2356 396
2356 690
2357 168
2357 369
2357 397
2357 691
2358 168
2358 370
2358 398
2358 692
2359 168
2359 371
2359 399
2359 693
2360 168
2360 372
2360 400
2360 694
2361 168
2361 373
2361 401
2361 695
2362 168
2362 374
2362 402
2362 696
2363 168
2363 375
2363 403
2363 697
2364 168
2364 376
2364 404
2364 698
2365 168
2365 377
2365 405
2365 699
2366 169
2366 364
2366 406
2366 686
2367 169
2367 365
2367 407
2367 687
2368 169
2368 366
2368 408
2368 688
2369 169
2369 367
2369 409
2369 689
2370 169
2370 368
2370 410
2370 690
2371 169
2371 369
2371 411
2371 691
2372 169
2372 370
2372 412
2372 692
2373 169
2373 371
2373 413
2373 693
2374 169
2374 372
2374 414
2374 694
2375 169
2375 373
2375 415
2375 695
2376 169
2376 374
2376 416
2376 696
2377 169
2377 375
2377 417
2377 697
2378 169
2378 376
2378 418
2378 698
2379 169
2379 377
2379 419
2379 699
2380 170
2380 364
2380 420
2380 700
2381 170
2381 365
2381 421
2381 701
2382 170
2382 366
2382 422
2382 702
2383 170
2383 367
2383 423
2383 703
2384 170
2384 368
2384 424
2384 704
2385 170
2385 369
2385 425
2385 705
2386 170
2386 370
2386 426
2386 706
2387 170
2387 371
2387 427
2387 707
2388 170
2388 372
2388 428
2388 708
2389 170
2389 373
2389 429
2389 709
2390 170
2390 374
2390 430
2390 710
2391 170
2391 375
2391 431
2391 711
2392 170
2392 376
2392 432
2392 712
2393 170
2393 377
2393 433
2393 713
2394 171
2394 364
2394 434
2394 700
2395 171
2395 365
2395 435
2395 701
2396 171
2396 366
2396 436
2396 702
2397 171
2397 367
2397 437
2397 703
2398 171
2398 368
2398 438
2398 704
2399 171
2399 369
2399 439
2399 705
2400 171
2400 370
2400 440
2400 706
2401 171
2401 371
2401 441
2401 707
2402 171
2402 372
2402 442
2402 708
2403 171
2403 373
2403 443
2403 709
2404 171
2404 374
2404 444
2404 710
2405 171
2405 375
2405 445
2405 711
2406 171
2406 376
2406 446
2406 712
2407 171
2407 377
2407 447
2407 713
2408 172
2408 364
2408 448
2408 714
2409 172
2409 365
2409 449
2409 715
2410 172
2410 366
2410 450
2410 716
2411 172
2411 367
2411 451
2411 717
2412 172
2412 368
2412 452
2412 718
2413 172
2413 369
2413 453
2413 719
2414 172
2414 370
2414 454
2414 720
2415 172
2415 371
2415 455
2415 721
2416 172
2416 372
2416 456
2416 722
2417 172
2417 373
2417 457
2417 723
2418 172
2418 374
2418 458
2418 724
2419 172
2419 375
2419 459
2419 725
2420 172
2420 376
2420 460
2420 726
2421 172
2421 377
2421 461
2421 727
2422 173
2422 364
2422 462
2422 714
2423 173
2423 365
2423 463
2423 715
2424 173
2424 366
2424 464
2424 716
2425 173
2425 367
2425 465
2425 717
2426 173
2426 368
2426 466
2426 718
2427 173
2427 369
2427 467
2427 719
2428 173
2428 370
2428 468
2428 720
2429 173
2429 371
2429 469
2429 721
2430 173
2430 372
2430 470
2430 722
2431 173
2431 373
2431 471
2431 723
2432 173
2432 374
2432 472
2432 724
2433 173
2433 375
2433 473
2433 725
2434 173
2434 376
2434 474
2434 726
2435 173
2435 377
2435 475
2435 727
2436 174
2436 364
2436 476
2436 728
2437 174
2437 365
2437 477
2437 729
2438 174
2438 366
2438 478
2438 730
2439 174
2439 367
2439 479
2439 731
2440 174
2440 368
2440 480
2440 732
2441 174
2441 369
2441 481
2441 733
2442 174
2442 370
2442 482
2442 734
2443 174
2443 371
2443 483
2443 735
2444 174
2444 372
2444 484
2444 736
2445 174
2445 373
2445 485
2445 737
2446 174
2446 374
2446 486
2446 738
2447 174
2447 375
2447 487
2447 739
2448 174
2448 376
2448 488
2448 740
2449 174
2449 377
2449 489
2449 741
2450 175
2450 364
2450 490
2450 728
2451 175
2451 365
2451 491
2451 729
2452 175
2452 366
2452 492
2452 730
2453 175
2453 367
2453 493
2453 731
2454 175
2454 368
2454 494
2454 732
2455 175
2455 369
2455 495
2455 733
2456 175
2456 370
2456 496
2456 734
2457 175
2457 371
2457 497
2457 735
2458 175
2458 372
2458 498
2458 736
2459 175
2459 373
2459 499
2459 737
2460 175
2460 374
2460 500
2460 738
2461 175
2461 375
2461 501
2461 739
2462 175
2462 376
2462 502
2462 740
2463 175
2463 377
2463 503
2463 741
2464 176
2464 364
2464 504
2464 742
2465 176
2465 365
2465 505
2465 743
2466 176
2466 366
2466 506
2466 744
2467 176
2467 367
2467 507
2467 745
2468 176
2468 368
2468 508
2468 746
2469 176
2469 369
2469 509
2469 747
2470 176
2470 370
2470 510
2470 748
2471 176
2471 371
2471 511
2471 749
2472 176
2472 372
2472 512
2472 750
2473 176
2473 373
2473 513
2473 751
2474 176
2474 374
2474 514
2474 752
2475 176
2475 375
2475 515
2475 753
2476 176
2476 376
2476 516
2476 754
2477 176
2477 377
2477 517
2477 755
2478 177
2478 364
2478 518
2478 742
2479 177
2479 365
2479 519
2479 743
2480 177
2480 366
2480 520
2480 744
2481 177
2481 367
2481 521
2481 745
2482 177
2482 368
2482 522
2482 746
2483 177
2483 369
2483 523
2483 747
2484 177
2484 370
2484 524
2484 748
2485 177
2485 371
2485 525
2485 749
2486 177
2486 372
2486 526
2486 750
2487 177
2487 373
2487 527
2487 751
2488 177
2488 374
2488 528
2488 752
2489 177
2489 375
2489 529
2489 753
2490 177
2490 376
2490 530
2490 754
2491 177
2491 377
2491 531
2491 755
2492 178
2492 364
2492 532
2492 756
2493 178
2493 365
2493 533
2493 757
2494 178
2494 366
2494 534
2494 758
2495 178
2495 367
2495 535
2495 759
2496 178
2496 368
2496 536
2496 760
2497 178
2497 369
2497 537
2497 761
2498 178
2498 370
2498 538
2498 762
2499 178
2499 371
2499 539
2499 763
2500 178
2500 372
2500 540
2500 764
2501 178
2501 373
2501 541
2501 765
2502 178
2502 374
2502 542
2502 766
2503 178
2503 375
2503 543
2503 767
2504 178
2504 376
2504 544
2504 768
2505 178
2505 377
2505 545
2505 769
2506 179
2506 364
2506 546
2506 756
2507 179
2507 365
2507 547
2507 757
2508 179
2508 366
2508 548
2508 758
2509 179
2509 367
2509 549
2509 759
2510 179
2510 368
2510 550
2510 760
2511 179
2511 369
2511 551
2511 761
2512 179
2512 370
2512 552
2512 762
2513 179
2513 371
2513 553
2513 763
2514 179
2514 372
2514 554
2514 764
2515 179
2515 373
2515 555
2515 765
2516 179
2516 374
2516 556
2516 766
2517 179
2517 375
2517 557
2517 767
2518 179
2518 376
2518 558
2518 768
2519 179
2519 377
2519 559
2519 769
2520 180
2520 364
2520 560
2520 770
2521 180
2521 365
2521 561
2521 771
2522 180
2522 366
2522 562
2522 772
2523 180
2523 367
2523 563
2523 773
2524 180
2524 368
2524 564
2524 774
2525 180
2525 369
2525 565
2525 775
2526 180
2526 370
2526 566
2526 776
2527 180
2527 371
2527 567
2527 777
2528 180
2528 372
2528 568
2528 778
2529 180
2529 373
2529 569
2529 779
2530 180
2530 374
2530 570
2530 780
2531 180
2531 375
2531 571
2531 781
2532 180
2532 376
2532 572
2532 782
2533 180
2533 377
2533 573
2533 783
2534 181
2534 364
2534 574
2534 770
2535 181
2535 365
2535 575
2535 771
2536 181
2536 366
2536 576
2536 772
2537 181
2537 367
2537 577
2537 773
2538 181
2538 368
2538 578
2538 774
2539 181
2539 369
2539 579
2539 775
2540 181
2540 370
2540 580
2540 776
2541 181
2541 371
2541 581
2541 777
2542 181
2542 372
2542 582
2542 778
2543 181
2543 373
2543 583
2543 779
2544 181
2544 374
2544 584
2544 780
2545 181
2545 375
2545 585
2545 781
2546 181
2546 376
2546 586
2546 782
2547 181
2547 377
2547 587
2547 783
2548 182
2548 378
2548 392
2548 686
2549 182
2549 379
2549 393
2549 687
2550 182
2550 380
2550 394
2550 688
2551 182
2551 381
2551 395
2551 689
2552 182
2552 382
2552 396
2552 690
2553 182
2553 383
2553 397
2553 691
2554 182
2554 384
2554 398
2554 692
2555 182
2555 385
2555 399
2555 693
2556 182
2556 386
2556 400
2556 694
2557 182
2557 387
2557 401
2557 695
2558 182
2558 388
2558 402
2558 696
2559 182
2559 389
2559 403
2559 697
2560 182
2560 390
2560 404
2560 698
2561 182
2561 391
2561 405
2561 699
2562 183
2562 378
2562 406
2562 686
2563 183
2563 379
2563 407
2563 687
2564 183
2564 380
2564 408
2564 688
2565 183
2565 381
2565 409
2565 689
2566 183
2566 382
2566 410
2566 690
2567 183
2567 383
2567 411
2567 691
2568 183
2568 384
2568 412
2568 692
2569 183
2569 385
2569 413
2569 693
2570 183
2570 386
2570 414
2570 694
2571 183
2571 387
2571 415
2571 695
2572 183
2572 388
2572 416
2572 696
2573 183
2573 389
2573 417
2573 697
2574 183
2574 390
2574 418
2574 698
2575 183
2575 391
2575 419
2575 699
2576 184
2576 378
2576 420
2576 700
2577 184
2577 379
2577 421
2577 701
2578 184
2578 380
2578 422
2578 702
2579 184
2579 381
2579 423
2579 703
2580 184
2580 382
2580 424
2580 704
2581 184
2581 383
2581 425
2581 705
2582 184
2582 384
2582 426
2582 706
2583 184
2583 385
2583 427
2583 707
2584 184
2584 386
2584 428
2584 708
2585 184
2585 387
2585 429
2585 709
2586 184
2586 388
2586 430
2586 710
2587 184
2587 389
2587 431
2587 711
2588 184
2588 390
2588 432
2588 712
2589 184
2589 391
2589 433
2589 713
2590 185
2590 378
2590 434
2590 700
2591 185
2591 379
2591 435
2591 701
2592 185
2592 380
2592 436
2592 702
2593 185
2593 381
2593 437
2593 703
2594 185
2594 382
2594 438
2594 704
2595 185
2595 383
2595 439
2595 705
2596 185
2596 384
2596 440
2596 706
2597 185
2597 385
2597 441
2597 707
2598 185
2598 386
2598 442
2598 708
2599 185
2599 387
2599 443
2599 709
2600 185
2600 388
2600 444
2600 710
2601 185
2601 389
2601 445
2601 711
2602 185
2602 390
2602 446
2602 712
2603 185
2603 391
2603 447
2603 713
2604 186
2604 378
2604 448
2604 714
2605 186
2605 379
2605 449
2605 715
2606 186
2606 380
2606 450
2606 716
2607 186
2607 381
2607 451
2607 717
2608 186
2608 382
2608 452
2608 718
2609 186
2609 383
2609 453
2609 719
2610 186
2610 384
2610 454
2610 720
2611 186
2611 385
2611 455
2611 721
2612 186
2612 386
2612 456
2612 722
2613 186
2613 387
2613 457
2613 723
2614 186
2614 388
2614 458
2614 724
2615 186
2615 389
2615 459
2615 725
2616 186
2616 390
2616 460
2616 726
2617 186
2617 391
2617 461
2617 727
2618 187
2618 378
2618 462
2618 714
2619 187
2619 379
2619 463
2619 715
2620 187
2620 380
2620 464
2620 716
2621 187
2621 381
2621 465
2621 717
2622 187
2622 382
2622 466
2622 718
2623 187
2623 383
2623 467
2623 719
2624 187
2624 384
2624 468
2624 720
2625 187
2625 385
2625 469
2625 721
2626 187
2626 386
2626 470
2626 722
2627 187
2627 387
2627 471
2627 723
2628 187
2628 388
2628 472
2628 724
2629 187
2629 389
2629 473
2629 725
2630 187
2630 390
2630 474
2630 726
2631 187
2631 391
2631 475
2631 727
2632 188
2632 378
2632 476
2632 728
2633 188
2633 379
2633 477
2633 729
2634 188
2634 380
2634 478
2634 730
2635 188
2635 381
2635 479
2635 731
2636 188
2636 382
2636 480
2636 732
2637 188
2637 383
2637 481
2637 733
2638 188
2638 384
2638 482
2638 734
2639 188
2639 385
2639 483
2639 735
2640 188
2640 386
2640 484
2640 736
2641 188
2641 387
2641 485
2641 737
2642 188
2642 388
2642 486
2642 738
2643 188
2643 389
2643 487
2643 739
2644 188
2644 390
2644 488
2644 740
2645 188
2645 391
2645 489
2645 741
2646 189
2646 378
2646 490
2646 728
2647 189
2647 379
2647 491
2647 729
2648 189
2648 380
2648 492
2648 730
2649 189
2649 381
2649 493
2649 731
2650 189
2650 382
2650 494
2650 732
2651 189
2651 383
2651 495
2651 733
2652 189
2652 384
2652 496
2652 734
2653 189
2653 385
2653 497
2653 735
2654 189
2654 386
2654 498
2654 736
2655 189
2655 387
2655 499
2655 737
2656 189
2656 388
2656 500
2656 738
2657 189
2657 389
2657 501
2657 739
2658 189
2658 390
2658 502
2658 740
2659 189
2659 391
2659 503
2659 741
2660 190
2660 378
2660 504
2660 742
2661 190
2661 379
2661 505
2661 743
2662 190
2662 380
2662 506
2662 744
2663 190
2663 381
2663 507
2663 745
2664 190
2664 382
2664 508
2664 746
2665 190
2665 383
2665 509
2665 747
2666 190
2666 384
2666 510
2666 748
2667 190
2667 385
2667 511
2667 749
2668 190
2668 386
2668 512
2668 750
2669 190
2669 387
2669 513
2669 751
2670 190
2670 388
2670 514
2670 752
2671 190
2671 389
2671 515
2671 753
2672 190
2672 390
2672 516
2672 754
2673 190
2673 391
2673 517
2673 755
2674 191
2674 378
2674 518
2674 742
2675 191
2675 379
2675 519
2675 743
2676 191
2676 380
2676 520
2676 744
2677 191
2677 381
2677 521
2677 745
2678 191
2678 382
2678 522
2678 746
2679 191
2679 383
2679 523
2679 747
2680 191
2680 384
2680 524
2680 748
2681 191
2681 385
2681 525
2681 749
2682 191
2682 386
2682 526
2682 750
2683 191
2683 387
2683 527
2683 751
2684 191
2684 388
2684 528
2684 752
2685 191
2685 389
2685 529
2685 753
2686 191
2686 390
2686 530
2686 754
2687 191
2687 391
2687 531
2687 755
2688 192
2688 378
2688 532
2688 756
2689 192
2689 379
2689 533
2689 757
2690 192
2690 380
2690 534
2690 758
2691 192
2691 381
2691 535
2691 759
2692 192
2692 382
2692 536
2692 760
2693 192
2693 383
2693 537
2693 761
2694 192
2694 384
2694 538
2694 762
2695 192
2695 385
2695 539
2695 763
2696 192
2696 386
2696 540
2696 764
2697 192
2697 387
2697 541
2697 765
2698 192
2698 388
2698 542
2698 766
2699 192
2699 389
2699 543
2699 767
2700 192
2700 390
2700 544
2700 768
2701 192
2701 391
2701 545
2701 769
2702 193
2702 378
2702 546
2702 756
2703 193
2703 379
2703 547
2703 757
2704 193
2704 380
2704 548
2704 758
2705 193
2705 381
2705 549
2705 759
2706 193
2706 382
2706 550
2706 760
2707 193
2707 383
2707 551
2707 761
2708 193
2708 384
2708 552
2708 762
2709 193
2709 385
2709 553
2709 763
2710 193
2710 386
2710 554
2710 764
2711 193
2711 387
2711 555
2711 765
2712 193
2712 388
2712 556
2712 766
2713 193
2713 389
2713 557
2713 767
2714 193
2714 390
2714 558
2714 768
2715 193
2715 391
2715 559
2715 769
2716 194
2716 378
2716 560
2716 770
2717 194
2717 379
2717 561
2717 771
2718 194
2718 380
2718 562
2718 772
2719 194
2719 381
2719 563
2719 773
2720 194
2720 382
2720 564
2720 774
2721 194
2721 383
2721 565
2721 775
2722 194
2722 384
2722 566
2722 776
2723 194
2723 385
2723 567
2723 777
2724 194
2724 386
2724 568
2724 778
2725 194
2725 387
2725 569
2725 779
2726 194
2726 388
2726 570
2726 780
2727 194
2727 389
2727 571
2727 781
2728 194
2728 390
2728 572
2728 782
2729 194
2729 391
2729 573
2729 783
2730 195
2730 378
2730 574
2730 770
2731 195
2731 379
2731 575
2731 771
2732 195
2732 380
2732 576
2732 772
2733 195
2733 381
2733 577
2733 773
2734 195
2734 382
2734 578
2734 774
2735 195
2735 383
2735 579
2735 775
2736 195
2736 384
2736 580
2736 776
2737 195
2737 385
2737 581
2737 777
2738 195
2738 386
2738 582
2738 778
2739 195
2739 387
2739 583
2739 779
2740 195
2740 388
2740 584
2740 780
2741 195
2741 389
2741 585
2741 781
2742 195
2742 390
2742 586
2742 782
2743 195
2743 391
2743 587
2743 783
