0 0
0 64
0 128
0 144
0 160
1 0
1 65
1 129
1 145
1 161
2 0
2 66
2 130
2 146
2 162
3 0
3 67
3 131
3 147
3 163
4 1
4 68
4 132
4 144
4 160
5 1
5 69
5 133
5 145
5 161
6 1
6 70
6 134
6 146
6 162
7 1
7 71
7 135
7 147
7 163
8 2
8 72
8 136
8 144
8 160
9 2
9 73
9 137
9 145
9 161
10 2
10 74
10 138
10 146
10 162
11 2
11 75
11 139
11 147
11 163
12 3
12 76
12 140
12 144
12 160
13 3
13 77
13 141
13 145
13 161
14 3
14 78
14 142
14 146
14 162
15 3
15 79
15 143
15 147
15 163
16 4
16 64
16 128
16 148
16 160
17 4
17 65
17 129
17 149
17 161
18 4
18 66
18 130
18 150
18 162
19 4
19 67
19 131
19 151
19 163
20 5
20 68
20 132
20 148
20 160
21 5
21 69
21 133
21 149
21 161
22 5
22 70
22 134
22 150
22 162
23 5
23 71
23 135
23 151
23 163
24 6
24 72
24 136
24 148
24 160
25 6
25 73
25 137
25 149
25 161
26 6
26 74
26 138
26 150
26 162
27 6
27 75
27 139
27 151
27 163
28 7
28 76
28 140
28 148
28 160
29 7
29 77
29 141
29 149
29 161
30 7
30 78
30 142
30 150
30 162
31 7
31 79
31 143
31 151
31 163
32 8
32 80
32 128
32 152
32 160
33 8
33 81
33 129
33 153
33 161
34 8
34 82
34 130
34 154
34 162
35 8
35 83
35 131
35 155
35 163
36 9
36 84
36 132
36 152
36 160
37 9
37 85
37 133
37 153
37 161
38 9
38 86
38 134
38 154
38 162
39 9
39 87
39 135
39 155
39 163
40 10
40 88
40 136
40 152
40 160
41 10
41 89
41 137
41 153
41 161
42 10
42 90
42 138
42 154
42 162
43 10
43 91
43 139
43 155
43 163
44 11
44 92
44 140
44 152
44 160
45 11
45 93
45 141
45 153
45 161
46 11
46 94
46 142
46 154
46 162
47 11
47 95
47 143
47 155
47 163
48 12
48 80
48 128
48 156
48 160
49 12
49 81
49 129
49 157
49 161
50 12
50 82
50 130
50 158
50 162
51 12
51 83
51 131
51 159
51 163
52 13
52 84
52 132
52 156
52 160
53 13
53 85
53 133
53 157
53 161
54 13
54 86
54 134
54 158
54 162
55 13
55 87
55 135
55 159
55 163
56 14
56 88
56 136
56 156
56 160
57 14
57 89
57 137
57 157
57 161
58 14
58 90
58 138
58 158
58 162
59 14
59 91
59 139
59 159
59 163
60 15
60 92
60 140
60 156
60 160
61 15
61 93
61 141
61 157
61 161
62 15
62 94
62 142
62 158
62 162
63 15
63 95
63 143
63 159
63 163
64 16
64 64
64 128
64 144
64 164
65 16
65 65
65 129
65 145
65 165
66 16
66 66
66 130
66 146
66 166
67 16
67 67
67 131
67 147
67 167
68 17
68 68
68 132
68 144
68 164
69 17
69 69
69 133
69 145
69 165
70 17
70 70
70 134
70 146
70 166
71 17
71 71
71 135
71 147
71 167
72 18
72 72
72 136
72 144
72 164
73 18
73 73
73 137
73 145
73 165
74 18
74 74
74 138
74 146
74 166
75 18
75 75
75 139
75 147
75 167
76 19
76 76
76 140
76 144
76 164
77 19
77 77
77 141
77 145
77 165
78 19
78 78
78 142
78 146
78 166
79 19
79 79
79 143
79 147
79 167
80 20
80 64
80 128
80 148
80 164
81 20
81 65
81 129
81 149
81 165
82 20
82 66
82 130
82 150
82 166
83 20
83 67
83 131
83 151
83 167
84 21
84 68
84 132
84 148
84 164
85 21
85 69
85 133
85 149
85 165
86 21
86 70
86 134
86 150
86 166
87 21
87 71
87 135
87 151
87 167
88 22
88 72
88 136
88 148
88 164
89 22
89 73
89 137
89 149
89 165
90 22
90 74
90 138
90 150
90 166
91 22
91 75
91 139
91 151
91 167
92 23
92 76
92 140
92 148
92 164
93 23
93 77
93 141
93 149
93 165
94 23
94 78
94 142
94 150
94 166
95 23
95 79
95 143
95 151
95 167
96 24
96 80
96 128
96 152
96 164
97 24
97 81
97 129
97 153
97 165
98 24
98 82
98 130
98 154
98 166
99 24
99 83
99 131
99 155
99 167
100 25
100 84
100 132
100 152
100 164
101 25
101 85
101 133
101 153
101 165
102 25
102 86
102 134
102 154
102 166
103 25
103 87
103 135
103 155
103 167
104 26
104 88
104 136
104 152
104 164
105 26
105 89
105 137
105 153
105 165
106 26
106 90
106 138
106 154
106 166
107 26
107 91
107 139
107 155
107 167
108 27
108 92
108 140
108 152
108 164
109 27
109 93
109 141
109 153
109 165
110 27
110 94
110 142
110 154
110 166
111 27
111 95
111 143
111 155
111 167
112 28
112 80
112 128
112 156
112 164
113 28
113 81
113 129
113 157
113 165
114 28
114 82
114 130
114 158
114 166
115 28
115 83
115 131
115 159
115 167
116 29
116 84
116 132
116 156
116 164
117 29
117 85
117 133
117 157
117 165
118 29
118 86
118 134
118 158
118 166
119 29
119 87
119 135
119 159
119 167
120 30
120 88
120 136
120 156
120 164
121 30
121 89
121 137
121 157
121 165
122 30
122 90
122 138
122 158
122 166
123 30
123 91
123 139
123 159
123 167
124 31
124 92
124 140
124 156
124 164
125 31
125 93
125 141
125 157
125 165
126 31
126 94
126 142
126 158
126 166
127 31
127 95
127 143
127 159
127 167
128 32
128 96
128 128
128 144
128 168
129 32
129 97
129 129
129 145
129 169
130 32
130 98
130 130
130 146
130 170
131 32
131 99
131 131
131 147
131 171
132 33
132 100
132 132
132 144
132 168
133 33
133 101
133 133
133 145
133 169
134 33
134 102
134 134
134 146
134 170
135 33
135 103
135 135
135 147
135 171
136 34
136 104
136 136
136 144
136 168
137 34
137 105
137 137
137 145
137 169
138 34
138 106
138 138
138 146
138 170
139 34
139 107
139 139
139 147
139 171
140 35
140 108
140 140
140 144
140 168
141 35
141 109
141 141
141 145
141 169
142 35
142 110
142 142
142 146
142 170
143 35
143 111
143 143
143 147
143 171
144 36
144 96
144 128
144 148
144 168
145 36
145 97
145 129
145 149
145 169
146 36
146 98
146 130
146 150
146 170
147 36
147 99
147 131
147 151
147 171
148 37
148 100
148 132
148 148
148 168
149 37
149 101
149 133
149 149
149 169
150 37
150 102
150 134
150 150
150 170
151 37
151 103
151 135
151 151
151 171
152 38
152 104
152 136
152 148
152 168
153 38
153 105
153 137
153 149
153 169
154 38
154 106
154 138
154 150
154 170
155 38
155 107
155 139
155 151
155 171
156 39
156 108
156 140
156 148
156 168
157 39
157 109
157 141
157 149
157 169
158 39
158 110
158 142
158 150
158 170
159 39
159 111
159 143
159 151
159 171
160 40
160 112
160 128
160 152
160 168
161 40
161 113
161 129
161 153
161 169
162 40
162 114
162 130
162 154
162 170
163 40
163 115
163 131
163 155
163 171
164 41
164 116
164 132
164 152
164 168
165 41
165 117
165 133
165 153
165 169
166 41
166 118
166 134
166 154
166 170
167 41
167 119
167 135
167 155
167 171
168 42
168 120
168 136
168 152
168 168
169 42
169 121
169 137
169 153
169 169
170 42
170 122
170 138
170 154
170 170
171 42
171 123
171 139
171 155
171 171
172 43
172 124
172 140
172 152
172 168
173 43
173 125
173 141
173 153
173 169
174 43
174 126
174 142
174 154
174 170
175 43
175 127
175 143
175 155
175 171
176 44
176 112
176 128
176 156
176 168
177 44
177 113
177 129
177 157
177 169
178 44
178 114
178 130
178 158
178 170
179 44
179 115
179 131
179 159
179 171
180 45
180 116
180 132
180 156
180 168
181 45
181 117
181 133
181 157
181 169
182 45
182 118
182 134
182 158
182 170
183 45
183 119
183 135
183 159
183 171
184 46
184 120
184 136
184 156
184 168
185 46
185 121
185 137
185 157
185 169
186 46
186 122
186 138
186 158
186 170
187 46
187 123
187 139
187 159
187 171
188 47
188 124
188 140
188 156
188 168
189 47
189 125
189 141
189 157
189 169
190 47
190 126
190 142
190 158
190 170
191 47
191 127
191 143
191 159
191 171
192 48
192 96
192 128
192 144
192 172
193 48
193 97
193 129
193 145
193 173
194 48
194 98
194 130
194 146
194 174
195 48
195 99
195 131
195 147
195 175
196 49
196 100
196 132
196 144
196 172
197 49
197 101
197 133
197 145
197 173
198 49
198 102
198 134
198 146
198 174
199 49
199 103
199 135
199 147
199 175
200 50
200 104
200 136
200 144
200 172
201 50
201 105
201 137
201 145
201 173
202 50
202 106
202 138
202 146
202 174
203 50
203 107
203 139
203 147
203 175
204 51
204 108
204 140
204 144
204 172
205 51
205 109
205 141
205 145
205 173
206 51
206 110
206 142
206 146
206 174
207 51
207 111
207 143
207 147
207 175
208 52
208 96
208 128
208 148
208 172
209 52
209 97
209 129
209 149
209 173
210 52
210 98
210 130
210 150
210 174
211 52
211 99
211 131
211 151
211 175
212 53
212 100
212 132
212 148
212 172
213 53
213 101
213 133
213 149
213 173
214 53
214 102
214 134
214 150
214 174
215 53
215 103
215 135
215 151
215 175
216 54
216 104
216 136
216 148
216 172
217 54
217 105
217 137
217 149
217 173
218 54
218 106
218 138
218 150
218 174
219 54
219 107
219 139
219 151
219 175
220 55
220 108
220 140
220 148
220 172
221 55
221 109
221 141
221 149
221 173
222 55
222 110
222 142
222 150
222 174
223 55
223 111
223 143
223 151
223 175
224 56
224 112
224 128
224 152
224 172
225 56
225 113
225 129
225 153
225 173
226 56
226 114
226 130
226 154
226 174
227 56
227 115
227 131
227 155
227 175
228 57
228 116
228 132
228 152
228 172
229 57
229 117
229 133
229 153
229 173
230 57
230 118
230 134
230 154
230 174
231 57
231 119
231 135
231 155
231 175
232 58
232 120
232 136
232 152
232 172
233 58
233 121
233 137
233 153
233 173
234 58
234 122
234 138
234 154
234 174
235 58
235 123
235 139
235 155
235 175
236 59
236 124
236 140
236 152
236 172
237 59
237 125
237 141
237 153
237 173
238 59
238 126
238 142
238 154
238 174
239 59
239 127
239 143
239 155
239 175
240 60
240 112
240 128
240 156
240 172
241 60
241 113
241 129
241 157
241 173
242 60
242 114
242 130
242 158
242 174
243 60
243 115
243 131
243 159
243 175
244 61
244 116
244 132
244 156
244 172
245 61
245 117
245 133
245 157
245 173
246 61
246 118
246 134
246 158
246 174
247 61
247 119
247 135
247 159
247 175
248 62
248 120
248 136
248 156
248 172
249 62
249 121
249 137
249 157
249 173
250 62
250 122
250 138
250 158
250 174
251 62
251 123
251 139
251 159
251 175
252 63
252 124
252 140
252 156
252 172
253 63
253 125
253 141
253 157
253 173
254 63
254 126
254 142
254 158
254 174
255 63
255 127
255 143
255 159
255 175
