0 0
0 16
0 32
0 48
0 64
0 80
1 0
1 17
1 33
1 49
1 65
1 81
2 1
2 18
2 32
2 50
2 66
2 82
3 1
3 19
3 33
3 51
3 67
3 83
4 2
4 20
4 34
4 48
4 68
4 84
5 2
5 21
5 35
5 49
5 69
5 85
6 3
6 22
6 34
6 50
6 70
6 86
7 3
7 23
7 35
7 51
7 71
7 87
8 4
8 24
8 36
8 52
8 64
8 88
9 4
9 25
9 37
9 53
9 65
9 89
10 5
10 26
10 36
10 54
10 66
10 90
11 5
11 27
11 37
11 55
11 67
11 91
12 6
12 28
12 38
12 52
12 68
12 92
13 6
13 29
13 39
13 53
13 69
13 93
14 7
14 30
14 38
14 54
14 70
14 94
15 7
15 31
15 39
15 55
15 71
15 95
16 8
16 16
16 40
16 56
16 72
16 80
17 8
17 17
17 41
17 57
17 73
17 81
18 9
18 18
18 40
18 58
18 74
18 82
19 9
19 19
19 41
19 59
19 75
19 83
20 10
20 20
20 42
20 56
20 76
20 84
21 10
21 21
21 43
21 57
21 77
21 85
22 11
22 22
22 42
22 58
22 78
22 86
23 11
23 23
23 43
23 59
23 79
23 87
24 12
24 24
24 44
24 60
24 72
24 88
25 12
25 25
25 45
25 61
25 73
25 89
26 13
26 26
26 44
26 62
26 74
26 90
27 13
27 27
27 45
27 63
27 75
27 91
28 14
28 28
28 46
28 60
28 76
28 92
29 14
29 29
29 47
29 61
29 77
29 93
30 15
30 30
30 46
30 62
30 78
30 94
31 15
31 31
31 47
31 63
31 79
31 95
