0 0
0 256
0 512
0 768
0 1024
0 1280
1 0
1 257
1 513
1 769
1 1025
1 1281
2 0
2 258
2 514
2 770
2 1026
2 1282
3 0
3 259
3 515
3 771
3 1027
3 1283
4 1
4 256
4 512
4 772
4 1028
4 1284
5 1
5 257
5 513
5 773
5 1029
5 1285
6 1
6 258
6 514
6 774
6 1030
6 1286
7 1
7 259
7 515
7 775
7 1031
7 1287
8 2
8 260
8 512
8 776
8 1032
8 1288
9 2
9 261
9 513
9 777
9 1033
9 1289
10 2
10 262
10 514
10 778
10 1034
10 1290
11 2
11 263
11 515
11 779
11 1035
11 1291
12 3
12 260
12 512
12 780
12 1036
12 1292
13 3
13 261
13 513
13 781
13 1037
13 1293
14 3
14 262
14 514
14 782
14 1038
14 1294
15 3
15 263
15 515
15 783
15 1039
15 1295
16 4
16 256
16 516
16 768
16 1040
16 1296
17 4
17 257
17 517
17 769
17 1041
17 1297
18 4
18 258
18 518
18 770
18 1042
18 1298
19 4
19 259
19 519
19 771
19 1043
19 1299
20 5
20 256
20 516
20 772
20 1044
20 1300
21 5
21 257
21 517
21 773
21 1045
21 1301
22 5
22 258
22 518
22 774
22 1046
22 1302
23 5
23 259
23 519
23 775
23 1047
23 1303
24 6
24 260
24 516
24 776
24 1048
24 1304
25 6
25 261
25 517
25 777
25 1049
25 1305
26 6
26 262
26 518
26 778
26 1050
26 1306
27 6
27 263
27 519
27 779
27 1051
27 1307
28 7
28 260
28 516
28 780
28 1052
28 1308
29 7
29 261
29 517
29 781
29 1053
29 1309
30 7
30 262
30 518
30 782
30 1054
30 1310
31 7
31 263
31 519
31 783
31 1055
31 1311
32 8
32 264
32 520
32 768
32 1056
32 1312
33 8
33 265
33 521
33 769
33 1057
33 1313
34 8
34 266
34 522
34 770
34 1058
34 1314
35 8
35 267
35 523
35 771
35 1059
35 1315
36 9
36 264
36 520
36 772
36 1060
36 1316
37 9
37 265
37 521
37 773
37 1061
37 1317
38 9
38 266
38 522
38 774
38 1062
38 1318
39 9
39 267
39 523
39 775
39 1063
39 1319
40 10
40 268
40 520
40 776
40 1064
40 1320
41 10
41 269
41 521
41 777
41 1065
41 1321
42 10
42 270
42 522
42 778
42 1066
42 1322
43 10
43 271
43 523
43 779
43 1067
43 1323
44 11
44 268
44 520
44 780
44 1068
44 1324
45 11
45 269
45 521
45 781
45 1069
45 1325
46 11
46 270
46 522
46 782
46 1070
46 1326
47 11
47 271
47 523
47 783
47 1071
47 1327
48 12
48 264
48 524
48 768
48 1072
48 1328
49 12
49 265
49 525
49 769
49 1073
49 1329
50 12
50 266
50 526
50 770
50 1074
50 1330
51 12
51 267
51 527
51 771
51 1075
51 1331
52 13
52 264
52 524
52 772
52 1076
52 1332
53 13
53 265
53 525
53 773
53 1077
53 1333
54 13
54 266
54 526
54 774
54 1078
54 1334
55 13
55 267
55 527
55 775
55 1079
55 1335
56 14
56 268
56 524
56 776
56 1080
56 1336
57 14
57 269
57 525
57 777
57 1081
57 1337
58 14
58 270
58 526
58 778
58 1082
58 1338
59 14
59 271
59 527
59 779
59 1083
59 1339
60 15
60 268
60 524
60 780
60 1084
60 1340
61 15
61 269
61 525
61 781
61 1085
61 1341
62 15
62 270
62 526
62 782
62 1086
62 1342
63 15
63 271
63 527
63 783
63 1087
63 1343
64 16
64 272
64 528
64 784
64 1024
64 1344
65 16
65 273
65 529
65 785
65 1025
65 1345
66 16
66 274
66 530
66 786
66 1026
66 1346
67 16
67 275
67 531
67 787
67 1027
67 1347
68 17
68 272
68 528
68 788
68 1028
68 1348
69 17
69 273
69 529
69 789
69 1029
69 1349
70 17
70 274
70 530
70 790
70 1030
70 1350
71 17
71 275
71 531
71 791
71 1031
71 1351
72 18
72 276
72 528
72 792
72 1032
72 1352
73 18
73 277
73 529
73 793
73 1033
73 1353
74 18
74 278
74 530
74 794
74 1034
74 1354
75 18
75 279
75 531
75 795
75 1035
75 1355
76 19
76 276
76 528
76 796
76 1036
76 1356
77 19
77 277
77 529
77 797
77 1037
77 1357
78 19
78 278
78 530
78 798
78 1038
78 1358
79 19
79 279
79 531
79 799
79 1039
79 1359
80 20
80 272
80 532
80 784
80 1040
80 1360
81 20
81 273
81 533
81 785
81 1041
81 1361
82 20
82 274
82 534
82 786
82 1042
82 1362
83 20
83 275
83 535
83 787
83 1043
83 1363
84 21
84 272
84 532
84 788
84 1044
84 1364
85 21
85 273
85 533
85 789
85 1045
85 1365
86 21
86 274
86 534
86 790
86 1046
86 1366
87 21
87 275
87 535
87 791
87 1047
87 1367
88 22
88 276
88 532
88 792
88 1048
88 1368
89 22
89 277
89 533
89 793
89 1049
89 1369
90 22
90 278
90 534
90 794
90 1050
90 1370
91 22
91 279
91 535
91 795
91 1051
91 1371
92 23
92 276
92 532
92 796
92 1052
92 1372
93 23
93 277
93 533
93 797
93 1053
93 1373
94 23
94 278
94 534
94 798
94 1054
94 1374
95 23
95 279
95 535
95 799
95 1055
95 1375
96 24
96 280
96 536
96 784
96 1056
96 1376
97 24
97 281
97 537
97 785
97 1057
97 1377
98 24
98 282
98 538
98 786
98 1058
98 1378
99 24
99 283
99 539
99 787
99 1059
99 1379
100 25
100 280
100 536
100 788
100 1060
100 1380
101 25
101 281
101 537
101 789
101 1061
101 1381
102 25
102 282
102 538
102 790
102 1062
102 1382
103 25
103 283
103 539
103 791
103 1063
103 1383
104 26
104 284
104 536
104 792
104 1064
104 1384
105 26
105 285
105 537
105 793
105 1065
105 1385
106 26
106 286
106 538
106 794
106 1066
106 1386
107 26
107 287
107 539
107 795
107 1067
107 1387
108 27
108 284
108 536
108 796
108 1068
108 1388
109 27
109 285
109 537
109 797
109 1069
109 1389
110 27
110 286
110 538
110 798
110 1070
110 1390
111 27
111 287
111 539
111 799
111 1071
111 1391
112 28
112 280
112 540
112 784
112 1072
112 1392
113 28
113 281
113 541
113 785
113 1073
113 1393
114 28
114 282
114 542
114 786
114 1074
114 1394
115 28
115 283
115 543
115 787
115 1075
115 1395
116 29
116 280
116 540
116 788
116 1076
116 1396
117 29
117 281
117 541
117 789
117 1077
117 1397
118 29
118 282
118 542
118 790
118 1078
118 1398
119 29
119 283
119 543
119 791
119 1079
119 1399
120 30
120 284
120 540
120 792
120 1080
120 1400
121 30
121 285
121 541
121 793
121 1081
121 1401
122 30
122 286
122 542
122 794
122 1082
122 1402
123 30
123 287
123 543
123 795
123 1083
123 1403
124 31
124 284
124 540
124 796
124 1084
124 1404
125 31
125 285
125 541
125 797
125 1085
125 1405
126 31
126 286
126 542
126 798
126 1086
126 1406
127 31
127 287
127 543
127 799
127 1087
127 1407
128 32
128 288
128 544
128 800
128 1024
128 1408
129 32
129 289
129 545
129 801
129 1025
129 1409
130 32
130 290
130 546
130 802
130 1026
130 1410
131 32
131 291
131 547
131 803
131 1027
131 1411
132 33
132 288
132 544
132 804
132 1028
132 1412
133 33
133 289
133 545
133 805
133 1029
133 1413
134 33
134 290
134 546
134 806
134 1030
134 1414
135 33
135 291
135 547
135 807
135 1031
135 1415
136 34
136 292
136 544
136 808
136 1032
136 1416
137 34
137 293
137 545
137 809
137 1033
137 1417
138 34
138 294
138 546
138 810
138 1034
138 1418
139 34
139 295
139 547
139 811
139 1035
139 1419
140 35
140 292
140 544
140 812
140 1036
140 1420
141 35
141 293
141 545
141 813
141 1037
141 1421
142 35
142 294
142 546
142 814
142 1038
142 1422
143 35
143 295
143 547
143 815
143 1039
143 1423
144 36
144 288
144 548
144 800
144 1040
144 1424
145 36
145 289
145 549
145 801
145 1041
145 1425
146 36
146 290
146 550
146 802
146 1042
146 1426
147 36
147 291
147 551
147 803
147 1043
147 1427
148 37
148 288
148 548
148 804
148 1044
148 1428
149 37
149 289
149 549
149 805
149 1045
149 1429
150 37
150 290
150 550
150 806
150 1046
150 1430
151 37
151 291
151 551
151 807
151 1047
151 1431
152 38
152 292
152 548
152 808
152 1048
152 1432
153 38
153 293
153 549
153 809
153 1049
153 1433
154 38
154 294
154 550
154 810
154 1050
154 1434
155 38
155 295
155 551
155 811
155 1051
155 1435
156 39
156 292
156 548
156 812
156 1052
156 1436
157 39
157 293
157 549
157 813
157 1053
157 1437
158 39
158 294
158 550
158 814
158 1054
158 1438
159 39
159 295
159 551
159 815
159 1055
159 1439
160 40
160 296
160 552
160 800
160 1056
160 1440
161 40
161 297
161 553
161 801
161 1057
161 1441
162 40
162 298
162 554
162 802
162 1058
162 1442
163 40
163 299
163 555
163 803
163 1059
163 1443
164 41
164 296
164 552
164 804
164 1060
164 1444
165 41
165 297
165 553
165 805
165 1061
165 1445
166 41
166 298
166 554
166 806
166 1062
166 1446
167 41
167 299
167 555
167 807
167 1063
167 1447
168 42
168 300
168 552
168 808
168 1064
168 1448
169 42
169 301
169 553
169 809
169 1065
169 1449
170 42
170 302
170 554
170 810
170 1066
170 1450
171 42
171 303
171 555
171 811
171 1067
171 1451
172 43
172 300
172 552
172 812
172 1068
172 1452
173 43
173 301
173 553
173 813
173 1069
173 1453
174 43
174 302
174 554
174 814
174 1070
174 1454
175 43
175 303
175 555
175 815
175 1071
175 1455
176 44
176 296
176 556
176 800
176 1072
176 1456
177 44
177 297
177 557
177 801
177 1073
177 1457
178 44
178 298
178 558
178 802
178 1074
178 1458
179 44
179 299
179 559
179 803
179 1075
179 1459
180 45
180 296
180 556
180 804
180 1076
180 1460
181 45
181 297
181 557
181 805
181 1077
181 1461
182 45
182 298
182 558
182 806
182 1078
182 1462
183 45
183 299
183 559
183 807
183 1079
183 1463
184 46
184 300
184 556
184 808
184 1080
184 1464
185 46
185 301
185 557
185 809
185 1081
185 1465
186 46
186 302
186 558
186 810
186 1082
186 1466
187 46
187 303
187 559
187 811
187 1083
187 1467
188 47
188 300
188 556
188 812
188 1084
188 1468
189 47
189 301
189 557
189 813
189 1085
189 1469
190 47
190 302
190 558
190 814
190 1086
190 1470
191 47
191 303
191 559
191 815
191 1087
191 1471
192 48
192 304
192 560
192 816
192 1024
192 1472
193 48
193 305
193 561
193 817
193 1025
193 1473
194 48
194 306
194 562
194 818
194 1026
194 1474
195 48
195 307
195 563
195 819
195 1027
195 1475
196 49
196 304
196 560
196 820
196 1028
196 1476
197 49
197 305
197 561
197 821
197 1029
197 1477
198 49
198 306
198 562
198 822
198 1030
198 1478
199 49
199 307
199 563
199 823
199 1031
199 1479
200 50
200 308
200 560
200 824
200 1032
200 1480
201 50
201 309
201 561
201 825
201 1033
201 1481
202 50
202 310
202 562
202 826
202 1034
202 1482
203 50
203 311
203 563
203 827
203 1035
203 1483
204 51
204 308
204 560
204 828
204 1036
204 1484
205 51
205 309
205 561
205 829
205 1037
205 1485
206 51
206 310
206 562
206 830
206 1038
206 1486
207 51
207 311
207 563
207 831
207 1039
207 1487
208 52
208 304
208 564
208 816
208 1040
208 1488
209 52
209 305
209 565
209 817
209 1041
209 1489
210 52
210 306
210 566
210 818
210 1042
210 1490
211 52
211 307
211 567
211 819
211 1043
211 1491
212 53
212 304
212 564
212 820
212 1044
212 1492
213 53
213 305
213 565
213 821
213 1045
213 1493
214 53
214 306
214 566
214 822
214 1046
214 1494
215 53
215 307
215 567
215 823
215 1047
215 1495
216 54
216 308
216 564
216 824
216 1048
216 1496
217 54
217 309
217 565
217 825
217 1049
217 1497
218 54
218 310
218 566
218 826
218 1050
218 1498
219 54
219 311
219 567
219 827
219 1051
219 1499
220 55
220 308
220 564
220 828
220 1052
220 1500
221 55
221 309
221 565
221 829
221 1053
221 1501
222 55
222 310
222 566
222 830
222 1054
222 1502
223 55
223 311
223 567
223 831
223 1055
223 1503
224 56
224 312
224 568
224 816
224 1056
224 1504
225 56
225 313
225 569
225 817
225 1057
225 1505
226 56
226 314
226 570
226 818
226 1058
226 1506
227 56
227 315
227 571
227 819
227 1059
227 1507
228 57
228 312
228 568
228 820
228 1060
228 1508
229 57
229 313
229 569
229 821
229 1061
229 1509
230 57
230 314
230 570
230 822
230 1062
230 1510
231 57
231 315
231 571
231 823
231 1063
231 1511
232 58
232 316
232 568
232 824
232 1064
232 1512
233 58
233 317
233 569
233 825
233 1065
233 1513
234 58
234 318
234 570
234 826
234 1066
234 1514
235 58
235 319
235 571
235 827
235 1067
235 1515
236 59
236 316
236 568
236 828
236 1068
236 1516
237 59
237 317
237 569
237 829
237 1069
237 1517
238 59
238 318
238 570
238 830
238 1070
238 1518
239 59
239 319
239 571
239 831
239 1071
239 1519
240 60
240 312
240 572
240 816
240 1072
240 1520
241 60
241 313
241 573
241 817
241 1073
241 1521
242 60
242 314
242 574
242 818
242 1074
242 1522
243 60
243 315
243 575
243 819
243 1075
243 1523
244 61
244 312
244 572
244 820
244 1076
244 1524
245 61
245 313
245 573
245 821
245 1077
245 1525
246 61
246 314
246 574
246 822
246 1078
246 1526
247 61
247 315
247 575
247 823
247 1079
247 1527
248 62
248 316
248 572
248 824
248 1080
248 1528
249 62
249 317
249 573
249 825
249 1081
249 1529
250 62
250 318
250 574
250 826
250 1082
250 1530
251 62
251 319
251 575
251 827
251 1083
251 1531
252 63
252 316
252 572
252 828
252 1084
252 1532
253 63
253 317
253 573
253 829
253 1085
253 1533
254 63
254 318
254 574
254 830
254 1086
254 1534
255 63
255 319
255 575
255 831
255 1087
255 1535
256 64
256 320
256 576
256 832
256 1088
256 1280
257 64
257 321
257 577
257 833
257 1089
257 1281
258 64
258 322
258 578
258 834
258 1090
258 1282
259 64
259 323
259 579
259 835
259 1091
259 1283
260 65
260 320
260 576
260 836
260 1092
260 1284
261 65
261 321
261 577
261 837
261 1093
261 1285
262 65
262 322
262 578
262 838
262 1094
262 1286
263 65
263 323
263 579
263 839
263 1095
263 1287
264 66
264 324
264 576
264 840
264 1096
264 1288
265 66
265 325
265 577
265 841
265 1097
265 1289
266 66
266 326
266 578
266 842
266 1098
266 1290
267 66
267 327
267 579
267 843
267 1099
267 1291
268 67
268 324
268 576
268 844
268 1100
268 1292
269 67
269 325
269 577
269 845
269 1101
269 1293
270 67
270 326
270 578
270 846
270 1102
270 1294
271 67
271 327
271 579
271 847
271 1103
271 1295
272 68
272 320
272 580
272 832
272 1104
272 1296
273 68
273 321
273 581
273 833
273 1105
273 1297
274 68
274 322
274 582
274 834
274 1106
274 1298
275 68
275 323
275 583
275 835
275 1107
275 1299
276 69
276 320
276 580
276 836
276 1108
276 1300
277 69
277 321
277 581
277 837
277 1109
277 1301
278 69
278 322
278 582
278 838
278 1110
278 1302
279 69
279 323
279 583
279 839
279 1111
279 1303
280 70
280 324
280 580
280 840
280 1112
280 1304
281 70
281 325
281 581
281 841
281 1113
281 1305
282 70
282 326
282 582
282 842
282 1114
282 1306
283 70
283 327
283 583
283 843
283 1115
283 1307
284 71
284 324
284 580
284 844
284 1116
284 1308
285 71
285 325
285 581
285 845
285 1117
285 1309
286 71
286 326
286 582
286 846
286 1118
286 1310
287 71
287 327
287 583
287 847
287 1119
287 1311
288 72
288 328
288 584
288 832
288 1120
288 1312
289 72
289 329
289 585
289 833
289 1121
289 1313
290 72
290 330
290 586
290 834
290 1122
290 1314
291 72
291 331
291 587
291 835
291 1123
291 1315
292 73
292 328
292 584
292 836
292 1124
292 1316
293 73
293 329
293 585
293 837
293 1125
293 1317
294 73
294 330
294 586
294 838
294 1126
294 1318
295 73
295 331
295 587
295 839
295 1127
295 1319
296 74
296 332
296 584
296 840
296 1128
296 1320
297 74
297 333
297 585
297 841
297 1129
297 1321
298 74
298 334
298 586
298 842
298 1130
298 1322
299 74
299 335
299 587
299 843
299 1131
299 1323
300 75
300 332
300 584
300 844
300 1132
300 1324
301 75
301 333
301 585
301 845
301 1133
301 1325
302 75
302 334
302 586
302 846
302 1134
302 1326
303 75
303 335
303 587
303 847
303 1135
303 1327
304 76
304 328
304 588
304 832
304 1136
304 1328
305 76
305 329
305 589
305 833
305 1137
305 1329
306 76
306 330
306 590
306 834
306 1138
306 1330
307 76
307 331
307 591
307 835
307 1139
307 1331
308 77
308 328
308 588
308 836
308 1140
308 1332
309 77
309 329
309 589
309 837
309 1141
309 1333
310 77
310 330
310 590
310 838
310 1142
310 1334
311 77
311 331
311 591
311 839
311 1143
311 1335
312 78
312 332
312 588
312 840
312 1144
312 1336
313 78
313 333
313 589
313 841
313 1145
313 1337
314 78
314 334
314 590
314 842
314 1146
314 1338
315 78
315 335
315 591
315 843
315 1147
315 1339
316 79
316 332
316 588
316 844
316 1148
316 1340
317 79
317 333
317 589
317 845
317 1149
317 1341
318 79
318 334
318 590
318 846
318 1150
318 1342
319 79
319 335
319 591
319 847
319 1151
319 1343
320 80
320 336
320 592
320 848
320 1088
320 1344
321 80
321 337
321 593
321 849
321 1089
321 1345
322 80
322 338
322 594
322 850
322 1090
322 1346
323 80
323 339
323 595
323 851
323 1091
323 1347
324 81
324 336
324 592
324 852
324 1092
324 1348
325 81
325 337
325 593
325 853
325 1093
325 1349
326 81
326 338
326 594
326 854
326 1094
326 1350
327 81
327 339
327 595
327 855
327 1095
327 1351
328 82
328 340
328 592
328 856
328 1096
328 1352
329 82
329 341
329 593
329 857
329 1097
329 1353
330 82
330 342
330 594
330 858
330 1098
330 1354
331 82
331 343
331 595
331 859
331 1099
331 1355
332 83
332 340
332 592
332 860
332 1100
332 1356
333 83
333 341
333 593
333 861
333 1101
333 1357
334 83
334 342
334 594
334 862
334 1102
334 1358
335 83
335 343
335 595
335 863
335 1103
335 1359
336 84
336 336
336 596
336 848
336 1104
336 1360
337 84
337 337
337 597
337 849
337 1105
337 1361
338 84
338 338
338 598
338 850
338 1106
338 1362
339 84
339 339
339 599
339 851
339 1107
339 1363
340 85
340 336
340 596
340 852
340 1108
340 1364
341 85
341 337
341 597
341 853
341 1109
341 1365
342 85
342 338
342 598
342 854
342 1110
342 1366
343 85
343 339
343 599
343 855
343 1111
343 1367
344 86
344 340
344 596
344 856
344 1112
344 1368
345 86
345 341
345 597
345 857
345 1113
345 1369
346 86
346 342
346 598
346 858
346 1114
346 1370
347 86
347 343
347 599
347 859
347 1115
347 1371
348 87
348 340
348 596
348 860
348 1116
348 1372
349 87
349 341
349 597
349 861
349 1117
349 1373
350 87
350 342
350 598
350 862
350 1118
350 1374
351 87
351 343
351 599
351 863
351 1119
351 1375
352 88
352 344
352 600
352 848
352 1120
352 1376
353 88
353 345
353 601
353 849
353 1121
353 1377
354 88
354 346
354 602
354 850
354 1122
354 1378
355 88
355 347
355 603
355 851
355 1123
355 1379
356 89
356 344
356 600
356 852
356 1124
356 1380
357 89
357 345
357 601
357 853
357 1125
357 1381
358 89
358 346
358 602
358 854
358 1126
358 1382
359 89
359 347
359 603
359 855
359 1127
359 1383
360 90
360 348
360 600
360 856
360 1128
360 1384
361 90
361 349
361 601
361 857
361 1129
361 1385
362 90
362 350
362 602
362 858
362 1130
362 1386
363 90
363 351
363 603
363 859
363 1131
363 1387
364 91
364 348
364 600
364 860
364 1132
364 1388
365 91
365 349
365 601
365 861
365 1133
365 1389
366 91
366 350
366 602
366 862
366 1134
366 1390
367 91
367 351
367 603
367 863
367 1135
367 1391
368 92
368 344
368 604
368 848
368 1136
368 1392
369 92
369 345
369 605
369 849
369 1137
369 1393
370 92
370 346
370 606
370 850
370 1138
370 1394
371 92
371 347
371 607
371 851
371 1139
371 1395
372 93
372 344
372 604
372 852
372 1140
372 1396
373 93
373 345
373 605
373 853
373 1141
373 1397
374 93
374 346
374 606
374 854
374 1142
374 1398
375 93
375 347
375 607
375 855
375 1143
375 1399
376 94
376 348
376 604
376 856
376 1144
376 1400
377 94
377 349
377 605
377 857
377 1145
377 1401
378 94
378 350
378 606
378 858
378 1146
378 1402
379 94
379 351
379 607
379 859
379 1147
379 1403
380 95
380 348
380 604
380 860
380 1148
380 1404
381 95
381 349
381 605
381 861
381 1149
381 1405
382 95
382 350
382 606
382 862
382 1150
382 1406
383 95
383 351
383 607
383 863
383 1151
383 1407
384 96
384 352
384 608
384 864
384 1088
384 1408
385 96
385 353
385 609
385 865
385 1089
385 1409
386 96
386 354
386 610
386 866
386 1090
386 1410
387 96
387 355
387 611
387 867
387 1091
387 1411
388 97
388 352
388 608
388 868
388 1092
388 1412
389 97
389 353
389 609
389 869
389 1093
389 1413
390 97
390 354
390 610
390 870
390 1094
390 1414
391 97
391 355
391 611
391 871
391 1095
391 1415
392 98
392 356
392 608
392 872
392 1096
392 1416
393 98
393 357
393 609
393 873
393 1097
393 1417
394 98
394 358
394 610
394 874
394 1098
394 1418
395 98
395 359
395 611
395 875
395 1099
395 1419
396 99
396 356
396 608
396 876
396 1100
396 1420
397 99
397 357
397 609
397 877
397 1101
397 1421
398 99
398 358
398 610
398 878
398 1102
398 1422
399 99
399 359
399 611
399 879
399 1103
399 1423
400 100
400 352
400 612
400 864
400 1104
400 1424
401 100
401 353
401 613
401 865
401 1105
401 1425
402 100
402 354
402 614
402 866
402 1106
402 1426
403 100
403 355
403 615
403 867
403 1107
403 1427
404 101
404 352
404 612
404 868
404 1108
404 1428
405 101
405 353
405 613
405 869
405 1109
405 1429
406 101
406 354
406 614
406 870
406 1110
406 1430
407 101
407 355
407 615
407 871
407 1111
407 1431
408 102
408 356
408 612
408 872
408 1112
408 1432
409 102
409 357
409 613
409 873
409 1113
409 1433
410 102
410 358
410 614
410 874
410 1114
410 1434
411 102
411 359
411 615
411 875
411 1115
411 1435
412 103
412 356
412 612
412 876
412 1116
412 1436
413 103
413 357
413 613
413 877
413 1117
413 1437
414 103
414 358
414 614
414 878
414 1118
414 1438
415 103
415 359
415 615
415 879
415 1119
415 1439
416 104
416 360
416 616
416 864
416 1120
416 1440
417 104
417 361
417 617
417 865
417 1121
417 1441
418 104
418 362
418 618
418 866
418 1122
418 1442
419 104
419 363
419 619
419 867
419 1123
419 1443
420 105
420 360
420 616
420 868
420 1124
420 1444
421 105
421 361
421 617
421 869
421 1125
421 1445
422 105
422 362
422 618
422 870
422 1126
422 1446
423 105
423 363
423 619
423 871
423 1127
423 1447
424 106
424 364
424 616
424 872
424 1128
424 1448
425 106
425 365
425 617
425 873
425 1129
425 1449
426 106
426 366
426 618
426 874
426 1130
426 1450
427 106
427 367
427 619
427 875
427 1131
427 1451
428 107
428 364
428 616
428 876
428 1132
428 1452
429 107
429 365
429 617
429 877
429 1133
429 1453
430 107
430 366
430 618
430 878
430 1134
430 1454
431 107
431 367
431 619
431 879
431 1135
431 1455
432 108
432 360
432 620
432 864
432 1136
432 1456
433 108
433 361
433 621
433 865
433 1137
433 1457
434 108
434 362
434 622
434 866
434 1138
434 1458
435 108
435 363
435 623
435 867
435 1139
435 1459
436 109
436 360
436 620
436 868
436 1140
436 1460
437 109
437 361
437 621
437 869
437 1141
437 1461
438 109
438 362
438 622
438 870
438 1142
438 1462
439 109
439 363
439 623
439 871
439 1143
439 1463
440 110
440 364
440 620
440 872
440 1144
440 1464
441 110
441 365
441 621
441 873
441 1145
441 1465
442 110
442 366
442 622
442 874
442 1146
442 1466
443 110
443 367
443 623
443 875
443 1147
443 1467
444 111
444 364
444 620
444 876
444 1148
444 1468
445 111
445 365
445 621
445 877
445 1149
445 1469
446 111
446 366
446 622
446 878
446 1150
446 1470
447 111
447 367
447 623
447 879
447 1151
447 1471
448 112
448 368
448 624
448 880
448 1088
448 1472
449 112
449 369
449 625
449 881
449 1089
449 1473
450 112
450 370
450 626
450 882
450 1090
450 1474
451 112
451 371
451 627
451 883
451 1091
451 1475
452 113
452 368
452 624
452 884
452 1092
452 1476
453 113
453 369
453 625
453 885
453 1093
453 1477
454 113
454 370
454 626
454 886
454 1094
454 1478
455 113
455 371
455 627
455 887
455 1095
455 1479
456 114
456 372
456 624
456 888
456 1096
456 1480
457 114
457 373
457 625
457 889
457 1097
457 1481
458 114
458 374
458 626
458 890
458 1098
458 1482
459 114
459 375
459 627
459 891
459 1099
459 1483
460 115
460 372
460 624
460 892
460 1100
460 1484
461 115
461 373
461 625
461 893
461 1101
461 1485
462 115
462 374
462 626
462 894
462 1102
462 1486
463 115
463 375
463 627
463 895
463 1103
463 1487
464 116
464 368
464 628
464 880
464 1104
464 1488
465 116
465 369
465 629
465 881
465 1105
465 1489
466 116
466 370
466 630
466 882
466 1106
466 1490
467 116
467 371
467 631
467 883
467 1107
467 1491
468 117
468 368
468 628
468 884
468 1108
468 1492
469 117
469 369
469 629
469 885
469 1109
469 1493
470 117
470 370
470 630
470 886
470 1110
470 1494
471 117
471 371
471 631
471 887
471 1111
471 1495
472 118
472 372
472 628
472 888
472 1112
472 1496
473 118
473 373
473 629
473 889
473 1113
473 1497
474 118
474 374
474 630
474 890
474 1114
474 1498
475 118
475 375
475 631
475 891
475 1115
475 1499
476 119
476 372
476 628
476 892
476 1116
476 1500
477 119
477 373
477 629
477 893
477 1117
477 1501
478 119
478 374
478 630
478 894
478 1118
478 1502
479 119
479 375
479 631
479 895
479 1119
479 1503
480 120
480 376
480 632
480 880
480 1120
480 1504
481 120
481 377
481 633
481 881
481 1121
481 1505
482 120
482 378
482 634
482 882
482 1122
482 1506
483 120
483 379
483 635
483 883
483 1123
483 1507
484 121
484 376
484 632
484 884
484 1124
484 1508
485 121
485 377
485 633
485 885
485 1125
485 1509
486 121
486 378
486 634
486 886
486 1126
486 1510
487 121
487 379
487 635
487 887
487 1127
487 1511
488 122
488 380
488 632
488 888
488 1128
488 1512
489 122
489 381
489 633
489 889
489 1129
489 1513
490 122
490 382
490 634
490 890
490 1130
490 1514
491 122
491 383
491 635
491 891
491 1131
491 1515
492 123
492 380
492 632
492 892
492 1132
492 1516
493 123
493 381
493 633
493 893
493 1133
493 1517
494 123
494 382
494 634
494 894
494 1134
494 1518
495 123
495 383
495 635
495 895
495 1135
495 1519
496 124
496 376
496 636
496 880
496 1136
496 1520
497 124
497 377
497 637
497 881
497 1137
497 1521
498 124
498 378
498 638
498 882
498 1138
498 1522
499 124
499 379
499 639
499 883
499 1139
499 1523
500 125
500 376
500 636
500 884
500 1140
500 1524
501 125
501 377
501 637
501 885
501 1141
501 1525
502 125
502 378
502 638
502 886
502 1142
502 1526
503 125
503 379
503 639
503 887
503 1143
503 1527
504 126
504 380
504 636
504 888
504 1144
504 1528
505 126
505 381
505 637
505 889
505 1145
505 1529
506 126
506 382
506 638
506 890
506 1146
506 1530
507 126
507 383
507 639
507 891
507 1147
507 1531
508 127
508 380
508 636
508 892
508 1148
508 1532
509 127
509 381
509 637
509 893
509 1149
509 1533
510 127
510 382
510 638
510 894
510 1150
510 1534
511 127
511 383
511 639
511 895
511 1151
511 1535
512 128
512 384
512 640
512 896
512 1152
512 1280
513 128
513 385
513 641
513 897
513 1153
513 1281
514 128
514 386
514 642
514 898
514 1154
514 1282
515 128
515 387
515 643
515 899
515 1155
515 1283
516 129
516 384
516 640
516 900
516 1156
516 1284
517 129
517 385
517 641
517 901
517 1157
517 1285
518 129
518 386
518 642
518 902
518 1158
518 1286
519 129
519 387
519 643
519 903
519 1159
519 1287
520 130
520 388
520 640
520 904
520 1160
520 1288
521 130
521 389
521 641
521 905
521 1161
521 1289
522 130
522 390
522 642
522 906
522 1162
522 1290
523 130
523 391
523 643
523 907
523 1163
523 1291
524 131
524 388
524 640
524 908
524 1164
524 1292
525 131
525 389
525 641
525 909
525 1165
525 1293
526 131
526 390
526 642
526 910
526 1166
526 1294
527 131
527 391
527 643
527 911
527 1167
527 1295
528 132
528 384
528 644
528 896
528 1168
528 1296
529 132
529 385
529 645
529 897
529 1169
529 1297
530 132
530 386
530 646
530 898
530 1170
530 1298
531 132
531 387
531 647
531 899
531 1171
531 1299
532 133
532 384
532 644
532 900
532 1172
532 1300
533 133
533 385
533 645
533 901
533 1173
533 1301
534 133
534 386
534 646
534 902
534 1174
534 1302
535 133
535 387
535 647
535 903
535 1175
535 1303
536 134
536 388
536 644
536 904
536 1176
536 1304
537 134
537 389
537 645
537 905
537 1177
537 1305
538 134
538 390
538 646
538 906
538 1178
538 1306
539 134
539 391
539 647
539 907
539 1179
539 1307
540 135
540 388
540 644
540 908
540 1180
540 1308
541 135
541 389
541 645
541 909
541 1181
541 1309
542 135
542 390
542 646
542 910
542 1182
542 1310
543 135
543 391
543 647
543 911
543 1183
543 1311
544 136
544 392
544 648
544 896
544 1184
544 1312
545 136
545 393
545 649
545 897
545 1185
545 1313
546 136
546 394
546 650
546 898
546 1186
546 1314
547 136
547 395
547 651
547 899
547 1187
547 1315
548 137
548 392
548 648
548 900
548 1188
548 1316
549 137
549 393
549 649
549 901
549 1189
549 1317
550 137
550 394
550 650
550 902
550 1190
550 1318
551 137
551 395
551 651
551 903
551 1191
551 1319
552 138
552 396
552 648
552 904
552 1192
552 1320
553 138
553 397
553 649
553 905
553 1193
553 1321
554 138
554 398
554 650
554 906
554 1194
554 1322
555 138
555 399
555 651
555 907
555 1195
555 1323
556 139
556 396
556 648
556 908
556 1196
556 1324
557 139
557 397
557 649
557 909
557 1197
557 1325
558 139
558 398
558 650
558 910
558 1198
558 1326
559 139
559 399
559 651
559 911
559 1199
559 1327
560 140
560 392
560 652
560 896
560 1200
560 1328
561 140
561 393
561 653
561 897
561 1201
561 1329
562 140
562 394
562 654
562 898
562 1202
562 1330
563 140
563 395
563 655
563 899
563 1203
563 1331
564 141
564 392
564 652
564 900
564 1204
564 1332
565 141
565 393
565 653
565 901
565 1205
565 1333
566 141
566 394
566 654
566 902
566 1206
566 1334
567 141
567 395
567 655
567 903
567 1207
567 1335
568 142
568 396
568 652
568 904
568 1208
568 1336
569 142
569 397
569 653
569 905
569 1209
569 1337
570 142
570 398
570 654
570 906
570 1210
570 1338
571 142
571 399
571 655
571 907
571 1211
571 1339
572 143
572 396
572 652
572 908
572 1212
572 1340
573 143
573 397
573 653
573 909
573 1213
573 1341
574 143
574 398
574 654
574 910
574 1214
574 1342
575 143
575 399
575 655
575 911
575 1215
575 1343
576 144
576 400
576 656
576 912
576 1152
576 1344
577 144
577 401
577 657
577 913
577 1153
577 1345
578 144
578 402
578 658
578 914
578 1154
578 1346
579 144
579 403
579 659
579 915
579 1155
579 1347
580 145
580 400
580 656
580 916
580 1156
580 1348
581 145
581 401
581 657
581 917
581 1157
581 1349
582 145
582 402
582 658
582 918
582 1158
582 1350
583 145
583 403
583 659
583 919
583 1159
583 1351
584 146
584 404
584 656
584 920
584 1160
584 1352
585 146
585 405
585 657
585 921
585 1161
585 1353
586 146
586 406
586 658
586 922
586 1162
586 1354
587 146
587 407
587 659
587 923
587 1163
587 1355
588 147
588 404
588 656
588 924
588 1164
588 1356
589 147
589 405
589 657
589 925
589 1165
589 1357
590 147
590 406
590 658
590 926
590 1166
590 1358
591 147
591 407
591 659
591 927
591 1167
591 1359
592 148
592 400
592 660
592 912
592 1168
592 1360
593 148
593 401
593 661
593 913
593 1169
593 1361
594 148
594 402
594 662
594 914
594 1170
594 1362
595 148
595 403
595 663
595 915
595 1171
595 1363
596 149
596 400
596 660
596 916
596 1172
596 1364
597 149
597 401
597 661
597 917
597 1173
597 1365
598 149
598 402
598 662
598 918
598 1174
598 1366
599 149
599 403
599 663
599 919
599 1175
599 1367
600 150
600 404
600 660
600 920
600 1176
600 1368
601 150
601 405
601 661
601 921
601 1177
601 1369
602 150
602 406
602 662
602 922
602 1178
602 1370
603 150
603 407
603 663
603 923
603 1179
603 1371
604 151
604 404
604 660
604 924
604 1180
604 1372
605 151
605 405
605 661
605 925
605 1181
605 1373
606 151
606 406
606 662
606 926
606 1182
606 1374
607 151
607 407
607 663
607 927
607 1183
607 1375
608 152
608 408
608 664
608 912
608 1184
608 1376
609 152
609 409
609 665
609 913
609 1185
609 1377
610 152
610 410
610 666
610 914
610 1186
610 1378
611 152
611 411
611 667
611 915
611 1187
611 1379
612 153
612 408
612 664
612 916
612 1188
612 1380
613 153
613 409
613 665
613 917
613 1189
613 1381
614 153
614 410
614 666
614 918
614 1190
614 1382
615 153
615 411
615 667
615 919
615 1191
615 1383
616 154
616 412
616 664
616 920
616 1192
616 1384
617 154
617 413
617 665
617 921
617 1193
617 1385
618 154
618 414
618 666
618 922
618 1194
618 1386
619 154
619 415
619 667
619 923
619 1195
619 1387
620 155
620 412
620 664
620 924
620 1196
620 1388
621 155
621 413
621 665
621 925
621 1197
621 1389
622 155
622 414
622 666
622 926
622 1198
622 1390
623 155
623 415
623 667
623 927
623 1199
623 1391
624 156
624 408
624 668
624 912
624 1200
624 1392
625 156
625 409
625 669
625 913
625 1201
625 1393
626 156
626 410
626 670
626 914
626 1202
626 1394
627 156
627 411
627 671
627 915
627 1203
627 1395
628 157
628 408
628 668
628 916
628 1204
628 1396
629 157
629 409
629 669
629 917
629 1205
629 1397
630 157
630 410
630 670
630 918
630 1206
630 1398
631 157
631 411
631 671
631 919
631 1207
631 1399
632 158
632 412
632 668
632 920
632 1208
632 1400
633 158
633 413
633 669
633 921
633 1209
633 1401
634 158
634 414
634 670
634 922
634 1210
634 1402
635 158
635 415
635 671
635 923
635 1211
635 1403
636 159
636 412
636 668
636 924
636 1212
636 1404
637 159
637 413
637 669
637 925
637 1213
637 1405
638 159
638 414
638 670
638 926
638 1214
638 1406
639 159
639 415
639 671
639 927
639 1215
639 1407
640 160
640 416
640 672
640 928
640 1152
640 1408
641 160
641 417
641 673
641 929
641 1153
641 1409
642 160
642 418
642 674
642 930
642 1154
642 1410
643 160
643 419
643 675
643 931
643 1155
643 1411
644 161
644 416
644 672
644 932
644 1156
644 1412
645 161
645 417
645 673
645 933
645 1157
645 1413
646 161
646 418
646 674
646 934
646 1158
646 1414
647 161
647 419
647 675
647 935
647 1159
647 1415
648 162
648 420
648 672
648 936
648 1160
648 1416
649 162
649 421
649 673
649 937
649 1161
649 1417
650 162
650 422
650 674
650 938
650 1162
650 1418
651 162
651 423
651 675
651 939
651 1163
651 1419
652 163
652 420
652 672
652 940
652 1164
652 1420
653 163
653 421
653 673
653 941
653 1165
653 1421
654 163
654 422
654 674
654 942
654 1166
654 1422
655 163
655 423
655 675
655 943
655 1167
655 1423
656 164
656 416
656 676
656 928
656 1168
656 1424
657 164
657 417
657 677
657 929
657 1169
657 1425
658 164
658 418
658 678
658 930
658 1170
658 1426
659 164
659 419
659 679
659 931
659 1171
659 1427
660 165
660 416
660 676
660 932
660 1172
660 1428
661 165
661 417
661 677
661 933
661 1173
661 1429
662 165
662 418
662 678
662 934
662 1174
662 1430
663 165
663 419
663 679
663 935
663 1175
663 1431
664 166
664 420
664 676
664 936
664 1176
664 1432
665 166
665 421
665 677
665 937
665 1177
665 1433
666 166
666 422
666 678
666 938
666 1178
666 1434
667 166
667 423
667 679
667 939
667 1179
667 1435
668 167
668 420
668 676
668 940
668 1180
668 1436
669 167
669 421
669 677
669 941
669 1181
669 1437
670 167
670 422
670 678
670 942
670 1182
670 1438
671 167
671 423
671 679
671 943
671 1183
671 1439
672 168
672 424
672 680
672 928
672 1184
672 1440
673 168
673 425
673 681
673 929
673 1185
673 1441
674 168
674 426
674 682
674 930
674 1186
674 1442
675 168
675 427
675 683
675 931
675 1187
675 1443
676 169
676 424
676 680
676 932
676 1188
676 1444
677 169
677 425
677 681
677 933
677 1189
677 1445
678 169
678 426
678 682
678 934
678 1190
678 1446
679 169
679 427
679 683
679 935
679 1191
679 1447
680 170
680 428
680 680
680 936
680 1192
680 1448
681 170
681 429
681 681
681 937
681 1193
681 1449
682 170
682 430
682 682
682 938
682 1194
682 1450
683 170
683 431
683 683
683 939
683 1195
683 1451
684 171
684 428
684 680
684 940
684 1196
684 1452
685 171
685 429
685 681
685 941
685 1197
685 1453
686 171
686 430
686 682
686 942
686 1198
686 1454
687 171
687 431
687 683
687 943
687 1199
687 1455
688 172
688 424
688 684
688 928
688 1200
688 1456
689 172
689 425
689 685
689 929
689 1201
689 1457
690 172
690 426
690 686
690 930
690 1202
690 1458
691 172
691 427
691 687
691 931
691 1203
691 1459
692 173
692 424
692 684
692 932
692 1204
692 1460
693 173
693 425
693 685
693 933
693 1205
693 1461
694 173
694 426
694 686
694 934
694 1206
694 1462
695 173
695 427
695 687
695 935
695 1207
695 1463
696 174
696 428
696 684
696 936
696 1208
696 1464
697 174
697 429
697 685
697 937
697 1209
697 1465
698 174
698 430
698 686
698 938
698 1210
698 1466
699 174
699 431
699 687
699 939
699 1211
699 1467
700 175
700 428
700 684
700 940
700 1212
700 1468
701 175
701 429
701 685
701 941
701 1213
701 1469
702 175
702 430
702 686
702 942
702 1214
702 1470
703 175
703 431
703 687
703 943
703 1215
703 1471
704 176
704 432
704 688
704 944
704 1152
704 1472
705 176
705 433
705 689
705 945
705 1153
705 1473
706 176
706 434
706 690
706 946
706 1154
706 1474
707 176
707 435
707 691
707 947
707 1155
707 1475
708 177
708 432
708 688
708 948
708 1156
708 1476
709 177
709 433
709 689
709 949
709 1157
709 1477
710 177
710 434
710 690
710 950
710 1158
710 1478
711 177
711 435
711 691
711 951
711 1159
711 1479
712 178
712 436
712 688
712 952
712 1160
712 1480
713 178
713 437
713 689
713 953
713 1161
713 1481
714 178
714 438
714 690
714 954
714 1162
714 1482
715 178
715 439
715 691
715 955
715 1163
715 1483
716 179
716 436
716 688
716 956
716 1164
716 1484
717 179
717 437
717 689
717 957
717 1165
717 1485
718 179
718 438
718 690
718 958
718 1166
718 1486
719 179
719 439
719 691
719 959
719 1167
719 1487
720 180
720 432
720 692
720 944
720 1168
720 1488
721 180
721 433
721 693
721 945
721 1169
721 1489
722 180
722 434
722 694
722 946
722 1170
722 1490
723 180
723 435
723 695
723 947
723 1171
723 1491
724 181
724 432
724 692
724 948
724 1172
724 1492
725 181
725 433
725 693
725 949
725 1173
725 1493
726 181
726 434
726 694
726 950
726 1174
726 1494
727 181
727 435
727 695
727 951
727 1175
727 1495
728 182
728 436
728 692
728 952
728 1176
728 1496
729 182
729 437
729 693
729 953
729 1177
729 1497
730 182
730 438
730 694
730 954
730 1178
730 1498
731 182
731 439
731 695
731 955
731 1179
731 1499
732 183
732 436
732 692
732 956
732 1180
732 1500
733 183
733 437
733 693
733 957
733 1181
733 1501
734 183
734 438
734 694
734 958
734 1182
734 1502
735 183
735 439
735 695
735 959
735 1183
735 1503
736 184
736 440
736 696
736 944
736 1184
736 1504
737 184
737 441
737 697
737 945
737 1185
737 1505
738 184
738 442
738 698
738 946
738 1186
738 1506
739 184
739 443
739 699
739 947
739 1187
739 1507
740 185
740 440
740 696
740 948
740 1188
740 1508
741 185
741 441
741 697
741 949
741 1189
741 1509
742 185
742 442
742 698
742 950
742 1190
742 1510
743 185
743 443
743 699
743 951
743 1191
743 1511
744 186
744 444
744 696
744 952
744 1192
744 1512
745 186
745 445
745 697
745 953
745 1193
745 1513
746 186
746 446
746 698
746 954
746 1194
746 1514
747 186
747 447
747 699
747 955
747 1195
747 1515
748 187
748 444
748 696
748 956
748 1196
748 1516
749 187
749 445
749 697
749 957
749 1197
749 1517
750 187
750 446
750 698
750 958
750 1198
750 1518
751 187
751 447
751 699
751 959
751 1199
751 1519
752 188
752 440
752 700
752 944
752 1200
752 1520
753 188
753 441
753 701
753 945
753 1201
753 1521
754 188
754 442
754 702
754 946
754 1202
754 1522
755 188
755 443
755 703
755 947
755 1203
755 1523
756 189
756 440
756 700
756 948
756 1204
756 1524
757 189
757 441
757 701
757 949
757 1205
757 1525
758 189
758 442
758 702
758 950
758 1206
758 1526
759 189
759 443
759 703
759 951
759 1207
759 1527
760 190
760 444
760 700
760 952
760 1208
760 1528
761 190
761 445
761 701
761 953
761 1209
761 1529
762 190
762 446
762 702
762 954
762 1210
762 1530
763 190
763 447
763 703
763 955
763 1211
763 1531
764 191
764 444
764 700
764 956
764 1212
764 1532
765 191
765 445
765 701
765 957
765 1213
765 1533
766 191
766 446
766 702
766 958
766 1214
766 1534
767 191
767 447
767 703
767 959
767 1215
767 1535
768 192
768 448
768 704
768 960
768 1216
768 1280
769 192
769 449
769 705
769 961
769 1217
769 1281
770 192
770 450
770 706
770 962
770 1218
770 1282
771 192
771 451
771 707
771 963
771 1219
771 1283
772 193
772 448
772 704
772 964
772 1220
772 1284
773 193
773 449
773 705
773 965
773 1221
773 1285
774 193
774 450
774 706
774 966
774 1222
774 1286
775 193
775 451
775 707
775 967
775 1223
775 1287
776 194
776 452
776 704
776 968
776 1224
776 1288
777 194
777 453
777 705
777 969
777 1225
777 1289
778 194
778 454
778 706
778 970
778 1226
778 1290
779 194
779 455
779 707
779 971
779 1227
779 1291
780 195
780 452
780 704
780 972
780 1228
780 1292
781 195
781 453
781 705
781 973
781 1229
781 1293
782 195
782 454
782 706
782 974
782 1230
782 1294
783 195
783 455
783 707
783 975
783 1231
783 1295
784 196
784 448
784 708
784 960
784 1232
784 1296
785 196
785 449
785 709
785 961
785 1233
785 1297
786 196
786 450
786 710
786 962
786 1234
786 1298
787 196
787 451
787 711
787 963
787 1235
787 1299
788 197
788 448
788 708
788 964
788 1236
788 1300
789 197
789 449
789 709
789 965
789 1237
789 1301
790 197
790 450
790 710
790 966
790 1238
790 1302
791 197
791 451
791 711
791 967
791 1239
791 1303
792 198
792 452
792 708
792 968
792 1240
792 1304
793 198
793 453
793 709
793 969
793 1241
793 1305
794 198
794 454
794 710
794 970
794 1242
794 1306
795 198
795 455
795 711
795 971
795 1243
795 1307
796 199
796 452
796 708
796 972
796 1244
796 1308
797 199
797 453
797 709
797 973
797 1245
797 1309
798 199
798 454
798 710
798 974
798 1246
798 1310
799 199
799 455
799 711
799 975
799 1247
799 1311
800 200
800 456
800 712
800 960
800 1248
800 1312
801 200
801 457
801 713
801 961
801 1249
801 1313
802 200
802 458
802 714
802 962
802 1250
802 1314
803 200
803 459
803 715
803 963
803 1251
803 1315
804 201
804 456
804 712
804 964
804 1252
804 1316
805 201
805 457
805 713
805 965
805 1253
805 1317
806 201
806 458
806 714
806 966
806 1254
806 1318
807 201
807 459
807 715
807 967
807 1255
807 1319
808 202
808 460
808 712
808 968
808 1256
808 1320
809 202
809 461
809 713
809 969
809 1257
809 1321
810 202
810 462
810 714
810 970
810 1258
810 1322
811 202
811 463
811 715
811 971
811 1259
811 1323
812 203
812 460
812 712
812 972
812 1260
812 1324
813 203
813 461
813 713
813 973
813 1261
813 1325
814 203
814 462
814 714
814 974
814 1262
814 1326
815 203
815 463
815 715
815 975
815 1263
815 1327
816 204
816 456
816 716
816 960
816 1264
816 1328
817 204
817 457
817 717
817 961
817 1265
817 1329
818 204
818 458
818 718
818 962
818 1266
818 1330
819 204
819 459
819 719
819 963
819 1267
819 1331
820 205
820 456
820 716
820 964
820 1268
820 1332
821 205
821 457
821 717
821 965
821 1269
821 1333
822 205
822 458
822 718
822 966
822 1270
822 1334
823 205
823 459
823 719
823 967
823 1271
823 1335
824 206
824 460
824 716
824 968
824 1272
824 1336
825 206
825 461
825 717
825 969
825 1273
825 1337
826 206
826 462
826 718
826 970
826 1274
826 1338
827 206
827 463
827 719
827 971
827 1275
827 1339
828 207
828 460
828 716
828 972
828 1276
828 1340
829 207
829 461
829 717
829 973
829 1277
829 1341
830 207
830 462
830 718
830 974
830 1278
830 1342
831 207
831 463
831 719
831 975
831 1279
831 1343
832 208
832 464
832 720
832 976
832 1216
832 1344
833 208
833 465
833 721
833 977
833 1217
833 1345
834 208
834 466
834 722
834 978
834 1218
834 1346
835 208
835 467
835 723
835 979
835 1219
835 1347
836 209
836 464
836 720
836 980
836 1220
836 1348
837 209
837 465
837 721
837 981
837 1221
837 1349
838 209
838 466
838 722
838 982
838 1222
838 1350
839 209
839 467
839 723
839 983
839 1223
839 1351
840 210
840 468
840 720
840 984
840 1224
840 1352
841 210
841 469
841 721
841 985
841 1225
841 1353
842 210
842 470
842 722
842 986
842 1226
842 1354
843 210
843 471
843 723
843 987
843 1227
843 1355
844 211
844 468
844 720
844 988
844 1228
844 1356
845 211
845 469
845 721
845 989
845 1229
845 1357
846 211
846 470
846 722
846 990
846 1230
846 1358
847 211
847 471
847 723
847 991
847 1231
847 1359
848 212
848 464
848 724
848 976
848 1232
848 1360
849 212
849 465
849 725
849 977
849 1233
849 1361
850 212
850 466
850 726
850 978
850 1234
850 1362
851 212
851 467
851 727
851 979
851 1235
851 1363
852 213
852 464
852 724
852 980
852 1236
852 1364
853 213
853 465
853 725
853 981
853 1237
853 1365
854 213
854 466
854 726
854 982
854 1238
854 1366
855 213
855 467
855 727
855 983
855 1239
855 1367
856 214
856 468
856 724
856 984
856 1240
856 1368
857 214
857 469
857 725
857 985
857 1241
857 1369
858 214
858 470
858 726
858 986
858 1242
858 1370
859 214
859 471
859 727
859 987
859 1243
859 1371
860 215
860 468
860 724
860 988
860 1244
860 1372
861 215
861 469
861 725
861 989
861 1245
861 1373
862 215
862 470
862 726
862 990
862 1246
862 1374
863 215
863 471
863 727
863 991
863 1247
863 1375
864 216
864 472
864 728
864 976
864 1248
864 1376
865 216
865 473
865 729
865 977
865 1249
865 1377
866 216
866 474
866 730
866 978
866 1250
866 1378
867 216
867 475
867 731
867 979
867 1251
867 1379
868 217
868 472
868 728
868 980
868 1252
868 1380
869 217
869 473
869 729
869 981
869 1253
869 1381
870 217
870 474
870 730
870 982
870 1254
870 1382
871 217
871 475
871 731
871 983
871 1255
871 1383
872 218
872 476
872 728
872 984
872 1256
872 1384
873 218
873 477
873 729
873 985
873 1257
873 1385
874 218
874 478
874 730
874 986
874 1258
874 1386
875 218
875 479
875 731
875 987
875 1259
875 1387
876 219
876 476
876 728
876 988
876 1260
876 1388
877 219
877 477
877 729
877 989
877 1261
877 1389
878 219
878 478
878 730
878 990
878 1262
878 1390
879 219
879 479
879 731
879 991
879 1263
879 1391
880 220
880 472
880 732
880 976
880 1264
880 1392
881 220
881 473
881 733
881 977
881 1265
881 1393
882 220
882 474
882 734
882 978
882 1266
882 1394
883 220
883 475
883 735
883 979
883 1267
883 1395
884 221
884 472
884 732
884 980
884 1268
884 1396
885 221
885 473
885 733
885 981
885 1269
885 1397
886 221
886 474
886 734
886 982
886 1270
886 1398
887 221
887 475
887 735
887 983
887 1271
887 1399
888 222
888 476
888 732
888 984
888 1272
888 1400
889 222
889 477
889 733
889 985
889 1273
889 1401
890 222
890 478
890 734
890 986
890 1274
890 1402
891 222
891 479
891 735
891 987
891 1275
891 1403
892 223
892 476
892 732
892 988
892 1276
892 1404
893 223
893 477
893 733
893 989
893 1277
893 1405
894 223
894 478
894 734
894 990
894 1278
894 1406
895 223
895 479
895 735
895 991
895 1279
895 1407
896 224
896 480
896 736
896 992
896 1216
896 1408
897 224
897 481
897 737
897 993
897 1217
897 1409
898 224
898 482
898 738
898 994
898 1218
898 1410
899 224
899 483
899 739
899 995
899 1219
899 1411
900 225
900 480
900 736
900 996
900 1220
900 1412
901 225
901 481
901 737
901 997
901 1221
901 1413
902 225
902 482
902 738
902 998
902 1222
902 1414
903 225
903 483
903 739
903 999
903 1223
903 1415
904 226
904 484
904 736
904 1000
904 1224
904 1416
905 226
905 485
905 737
905 1001
905 1225
905 1417
906 226
906 486
906 738
906 1002
906 1226
906 1418
907 226
907 487
907 739
907 1003
907 1227
907 1419
908 227
908 484
908 736
908 1004
908 1228
908 1420
909 227
909 485
909 737
909 1005
909 1229
909 1421
910 227
910 486
910 738
910 1006
910 1230
910 1422
911 227
911 487
911 739
911 1007
911 1231
911 1423
912 228
912 480
912 740
912 992
912 1232
912 1424
913 228
913 481
913 741
913 993
913 1233
913 1425
914 228
914 482
914 742
914 994
914 1234
914 1426
915 228
915 483
915 743
915 995
915 1235
915 1427
916 229
916 480
916 740
916 996
916 1236
916 1428
917 229
917 481
917 741
917 997
917 1237
917 1429
918 229
918 482
918 742
918 998
918 1238
918 1430
919 229
919 483
919 743
919 999
919 1239
919 1431
920 230
920 484
920 740
920 1000
920 1240
920 1432
921 230
921 485
921 741
921 1001
921 1241
921 1433
922 230
922 486
922 742
922 1002
922 1242
922 1434
923 230
923 487
923 743
923 1003
923 1243
923 1435
924 231
924 484
924 740
924 1004
924 1244
924 1436
925 231
925 485
925 741
925 1005
925 1245
925 1437
926 231
926 486
926 742
926 1006
926 1246
926 1438
927 231
927 487
927 743
927 1007
927 1247
927 1439
928 232
928 488
928 744
928 992
928 1248
928 1440
929 232
929 489
929 745
929 993
929 1249
929 1441
930 232
930 490
930 746
930 994
930 1250
930 1442
931 232
931 491
931 747
931 995
931 1251
931 1443
932 233
932 488
932 744
932 996
932 1252
932 1444
933 233
933 489
933 745
933 997
933 1253
933 1445
934 233
934 490
934 746
934 998
934 1254
934 1446
935 233
935 491
935 747
935 999
935 1255
935 1447
936 234
936 492
936 744
936 1000
936 1256
936 1448
937 234
937 493
937 745
937 1001
937 1257
937 1449
938 234
938 494
938 746
938 1002
938 1258
938 1450
939 234
939 495
939 747
939 1003
939 1259
939 1451
940 235
940 492
940 744
940 1004
940 1260
940 1452
941 235
941 493
941 745
941 1005
941 1261
941 1453
942 235
942 494
942 746
942 1006
942 1262
942 1454
943 235
943 495
943 747
943 1007
943 1263
943 1455
944 236
944 488
944 748
944 992
944 1264
944 1456
945 236
945 489
945 749
945 993
945 1265
945 1457
946 236
946 490
946 750
946 994
946 1266
946 1458
947 236
947 491
947 751
947 995
947 1267
947 1459
948 237
948 488
948 748
948 996
948 1268
948 1460
949 237
949 489
949 749
949 997
949 1269
949 1461
950 237
950 490
950 750
950 998
950 1270
950 1462
951 237
951 491
951 751
951 999
951 1271
951 1463
952 238
952 492
952 748
952 1000
952 1272
952 1464
953 238
953 493
953 749
953 1001
953 1273
953 1465
954 238
954 494
954 750
954 1002
954 1274
954 1466
955 238
955 495
955 751
955 1003
955 1275
955 1467
956 239
956 492
956 748
956 1004
956 1276
956 1468
957 239
957 493
957 749
957 1005
957 1277
957 1469
958 239
958 494
958 750
958 1006
958 1278
958 1470
959 239
959 495
959 751
959 1007
959 1279
959 1471
960 240
960 496
960 752
960 1008
960 1216
960 1472
961 240
961 497
961 753
961 1009
961 1217
961 1473
962 240
962 498
962 754
962 1010
962 1218
962 1474
963 240
963 499
963 755
963 1011
963 1219
963 1475
964 241
964 496
964 752
964 1012
964 1220
964 1476
965 241
965 497
965 753
965 1013
965 1221
965 1477
966 241
966 498
966 754
966 1014
966 1222
966 1478
967 241
967 499
967 755
967 1015
967 1223
967 1479
968 242
968 500
968 752
968 1016
968 1224
968 1480
969 242
969 501
969 753
969 1017
969 1225
969 1481
970 242
970 502
970 754
970 1018
970 1226
970 1482
971 242
971 503
971 755
971 1019
971 1227
971 1483
972 243
972 500
972 752
972 1020
972 1228
972 1484
973 243
973 501
973 753
973 1021
973 1229
973 1485
974 243
974 502
974 754
974 1022
974 1230
974 1486
975 243
975 503
975 755
975 1023
975 1231
975 1487
976 244
976 496
976 756
976 1008
976 1232
976 1488
977 244
977 497
977 757
977 1009
977 1233
977 1489
978 244
978 498
978 758
978 1010
978 1234
978 1490
979 244
979 499
979 759
979 1011
979 1235
979 1491
980 245
980 496
980 756
980 1012
980 1236
980 1492
981 245
981 497
981 757
981 1013
981 1237
981 1493
982 245
982 498
982 758
982 1014
982 1238
982 1494
983 245
983 499
983 759
983 1015
983 1239
983 1495
984 246
984 500
984 756
984 1016
984 1240
984 1496
985 246
985 501
985 757
985 1017
985 1241
985 1497
986 246
986 502
986 758
986 1018
986 1242
986 1498
987 246
987 503
987 759
987 1019
987 1243
987 1499
988 247
988 500
988 756
988 1020
988 1244
988 1500
989 247
989 501
989 757
989 1021
989 1245
989 1501
990 247
990 502
990 758
990 1022
990 1246
990 1502
991 247
991 503
991 759
991 1023
991 1247
991 1503
992 248
992 504
992 760
992 1008
992 1248
992 1504
993 248
993 505
993 761
993 1009
993 1249
993 1505
994 248
994 506
994 762
994 1010
994 1250
994 1506
995 248
995 507
995 763
995 1011
995 1251
995 1507
996 249
996 504
996 760
996 1012
996 1252
996 1508
997 249
997 505
997 761
997 1013
997 1253
997 1509
998 249
998 506
998 762
998 1014
998 1254
998 1510
999 249
999 507
999 763
999 1015
999 1255
999 1511
1000 250
1000 508
1000 760
1000 1016
1000 1256
1000 1512
1001 250
1001 509
1001 761
1001 1017
1001 1257
1001 1513
1002 250
1002 510
1002 762
1002 1018
1002 1258
1002 1514
1003 250
1003 511
1003 763
1003 1019
1003 1259
1003 1515
1004 251
1004 508
1004 760
1004 1020
1004 1260
1004 1516
1005 251
1005 509
1005 761
1005 1021
1005 1261
1005 1517
1006 251
1006 510
1006 762
1006 1022
1006 1262
1006 1518
1007 251
1007 511
1007 763
1007 1023
1007 1263
1007 1519
1008 252
1008 504
1008 764
1008 1008
1008 1264
1008 1520
1009 252
1009 505
1009 765
1009 1009
1009 1265
1009 1521
1010 252
1010 506
1010 766
1010 1010
1010 1266
1010 1522
1011 252
1011 507
1011 767
1011 1011
1011 1267
1011 1523
1012 253
1012 504
1012 764
1012 1012
1012 1268
1012 1524
1013 253
1013 505
1013 765
1013 1013
1013 1269
1013 1525
1014 253
1014 506
1014 766
1014 1014
1014 1270
1014 1526
1015 253
1015 507
1015 767
1015 1015
1015 1271
1015 1527
1016 254
1016 508
1016 764
1016 1016
1016 1272
1016 1528
1017 254
1017 509
1017 765
1017 1017
1017 1273
1017 1529
1018 254
1018 510
1018 766
1018 1018
1018 1274
1018 1530
1019 254
1019 511
1019 767
1019 1019
1019 1275
1019 1531
1020 255
1020 508
1020 764
1020 1020
1020 1276
1020 1532
1021 255
1021 509
1021 765
1021 1021
1021 1277
1021 1533
1022 255
1022 510
1022 766
1022 1022
1022 1278
1022 1534
1023 255
1023 511
1023 767
1023 1023
1023 1279
1023 1535
