0 0
0 16
0 32
0 48
1 0
1 17
1 33
1 49
2 0
2 18
2 34
2 50
3 0
3 19
3 35
3 51
4 1
4 16
4 32
4 52
5 1
5 17
5 33
5 53
6 1
6 18
6 34
6 54
7 1
7 19
7 35
7 55
8 2
8 20
8 32
8 56
9 2
9 21
9 33
9 57
10 2
10 22
10 34
10 58
11 2
11 23
11 35
11 59
12 3
12 20
12 32
12 60
13 3
13 21
13 33
13 61
14 3
14 22
14 34
14 62
15 3
15 23
15 35
15 63
16 4
16 16
16 36
16 48
17 4
17 17
17 37
17 49
18 4
18 18
18 38
18 50
19 4
19 19
19 39
19 51
20 5
20 16
20 36
20 52
21 5
21 17
21 37
21 53
22 5
22 18
22 38
22 54
23 5
23 19
23 39
23 55
24 6
24 20
24 36
24 56
25 6
25 21
25 37
25 57
26 6
26 22
26 38
26 58
27 6
27 23
27 39
27 59
28 7
28 20
28 36
28 60
29 7
29 21
29 37
29 61
30 7
30 22
30 38
30 62
31 7
31 23
31 39
31 63
32 8
32 24
32 40
32 48
33 8
33 25
33 41
33 49
34 8
34 26
34 42
34 50
35 8
35 27
35 43
35 51
36 9
36 24
36 40
36 52
37 9
37 25
37 41
37 53
38 9
38 26
38 42
38 54
39 9
39 27
39 43
39 55
40 10
40 28
40 40
40 56
41 10
41 29
41 41
41 57
42 10
42 30
42 42
42 58
43 10
43 31
43 43
43 59
44 11
44 28
44 40
44 60
45 11
45 29
45 41
45 61
46 11
46 30
46 42
46 62
47 11
47 31
47 43
47 63
48 12
48 24
48 44
48 48
49 12
49 25
49 45
49 49
50 12
50 26
50 46
50 50
51 12
51 27
51 47
51 51
52 13
52 24
52 44
52 52
53 13
53 25
53 45
53 53
54 13
54 26
54 46
54 54
55 13
55 27
55 47
55 55
56 14
56 28
56 44
56 56
57 14
57 29
57 45
57 57
58 14
58 30
58 46
58 58
59 14
59 31
59 47
59 59
60 15
60 28
60 44
60 60
61 15
61 29
61 45
61 61
62 15
62 30
62 46
62 62
63 15
63 31
63 47
63 63
