0 0
0 64
0 128
0 192
0 256
1 0
1 65
1 129
1 193
1 257
2 0
2 66
2 130
2 194
2 258
3 0
3 67
3 131
3 195
3 259
4 1
4 64
4 128
4 196
4 260
5 1
5 65
5 129
5 197
5 261
6 1
6 66
6 130
6 198
6 262
7 1
7 67
7 131
7 199
7 263
8 2
8 68
8 128
8 200
8 264
9 2
9 69
9 129
9 201
9 265
10 2
10 70
10 130
10 202
10 266
11 2
11 71
11 131
11 203
11 267
12 3
12 68
12 128
12 204
12 268
13 3
13 69
13 129
13 205
13 269
14 3
14 70
14 130
14 206
14 270
15 3
15 71
15 131
15 207
15 271
16 4
16 64
16 132
16 192
16 272
17 4
17 65
17 133
17 193
17 273
18 4
18 66
18 134
18 194
18 274
19 4
19 67
19 135
19 195
19 275
20 5
20 64
20 132
20 196
20 276
21 5
21 65
21 133
21 197
21 277
22 5
22 66
22 134
22 198
22 278
23 5
23 67
23 135
23 199
23 279
24 6
24 68
24 132
24 200
24 280
25 6
25 69
25 133
25 201
25 281
26 6
26 70
26 134
26 202
26 282
27 6
27 71
27 135
27 203
27 283
28 7
28 68
28 132
28 204
28 284
29 7
29 69
29 133
29 205
29 285
30 7
30 70
30 134
30 206
30 286
31 7
31 71
31 135
31 207
31 287
32 8
32 72
32 136
32 192
32 288
33 8
33 73
33 137
33 193
33 289
34 8
34 74
34 138
34 194
34 290
35 8
35 75
35 139
35 195
35 291
36 9
36 72
36 136
36 196
36 292
37 9
37 73
37 137
37 197
37 293
38 9
38 74
38 138
38 198
38 294
39 9
39 75
39 139
39 199
39 295
40 10
40 76
40 136
40 200
40 296
41 10
41 77
41 137
41 201
41 297
42 10
42 78
42 138
42 202
42 298
43 10
43 79
43 139
43 203
43 299
44 11
44 76
44 136
44 204
44 300
45 11
45 77
45 137
45 205
45 301
46 11
46 78
46 138
46 206
46 302
47 11
47 79
47 139
47 207
47 303
48 12
48 72
48 140
48 192
48 304
49 12
49 73
49 141
49 193
49 305
50 12
50 74
50 142
50 194
50 306
51 12
51 75
51 143
51 195
51 307
52 13
52 72
52 140
52 196
52 308
53 13
53 73
53 141
53 197
53 309
54 13
54 74
54 142
54 198
54 310
55 13
55 75
55 143
55 199
55 311
56 14
56 76
56 140
56 200
56 312
57 14
57 77
57 141
57 201
57 313
58 14
58 78
58 142
58 202
58 314
59 14
59 79
59 143
59 203
59 315
60 15
60 76
60 140
60 204
60 316
61 15
61 77
61 141
61 205
61 317
62 15
62 78
62 142
62 206
62 318
63 15
63 79
63 143
63 207
63 319
64 16
64 80
64 144
64 208
64 256
65 16
65 81
65 145
65 209
65 257
66 16
66 82
66 146
66 210
66 258
67 16
67 83
67 147
67 211
67 259
68 17
68 80
68 144
68 212
68 260
69 17
69 81
69 145
69 213
69 261
70 17
70 82
70 146
70 214
70 262
71 17
71 83
71 147
71 215
71 263
72 18
72 84
72 144
72 216
72 264
73 18
73 85
73 145
73 217
73 265
74 18
74 86
74 146
74 218
74 266
75 18
75 87
75 147
75 219
75 267
76 19
76 84
76 144
76 220
76 268
77 19
77 85
77 145
77 221
77 269
78 19
78 86
78 146
78 222
78 270
79 19
79 87
79 147
79 223
79 271
80 20
80 80
80 148
80 208
80 272
81 20
81 81
81 149
81 209
81 273
82 20
82 82
82 150
82 210
82 274
83 20
83 83
83 151
83 211
83 275
84 21
84 80
84 148
84 212
84 276
85 21
85 81
85 149
85 213
85 277
86 21
86 82
86 150
86 214
86 278
87 21
87 83
87 151
87 215
87 279
88 22
88 84
88 148
88 216
88 280
89 22
89 85
89 149
89 217
89 281
90 22
90 86
90 150
90 218
90 282
91 22
91 87
91 151
91 219
91 283
92 23
92 84
92 148
92 220
92 284
93 23
93 85
93 149
93 221
93 285
94 23
94 86
94 150
94 222
94 286
95 23
95 87
95 151
95 223
95 287
96 24
96 88
96 152
96 208
96 288
97 24
97 89
97 153
97 209
97 289
98 24
98 90
98 154
98 210
98 290
99 24
99 91
99 155
99 211
99 291
100 25
100 88
100 152
100 212
100 292
101 25
101 89
101 153
101 213
101 293
102 25
102 90
102 154
102 214
102 294
103 25
103 91
103 155
103 215
103 295
104 26
104 92
104 152
104 216
104 296
105 26
105 93
105 153
105 217
105 297
106 26
106 94
106 154
106 218
106 298
107 26
107 95
107 155
107 219
107 299
108 27
108 92
108 152
108 220
108 300
109 27
109 93
109 153
109 221
109 301
110 27
110 94
110 154
110 222
110 302
111 27
111 95
111 155
111 223
111 303
112 28
112 88
112 156
112 208
112 304
113 28
113 89
113 157
113 209
113 305
114 28
114 90
114 158
114 210
114 306
115 28
115 91
115 159
115 211
115 307
116 29
116 88
116 156
116 212
116 308
117 29
117 89
117 157
117 213
117 309
118 29
118 90
118 158
118 214
118 310
119 29
119 91
119 159
119 215
119 311
120 30
120 92
120 156
120 216
120 312
121 30
121 93
121 157
121 217
121 313
122 30
122 94
122 158
122 218
122 314
123 30
123 95
123 159
123 219
123 315
124 31
124 92
124 156
124 220
124 316
125 31
125 93
125 157
125 221
125 317
126 31
126 94
126 158
126 222
126 318
127 31
127 95
127 159
127 223
127 319
128 32
128 96
128 160
128 224
128 256
129 32
129 97
129 161
129 225
129 257
130 32
130 98
130 162
130 226
130 258
131 32
131 99
131 163
131 227
131 259
132 33
132 96
132 160
132 228
132 260
133 33
133 97
133 161
133 229
133 261
134 33
134 98
134 162
134 230
134 262
135 33
135 99
135 163
135 231
135 263
136 34
136 100
136 160
136 232
136 264
137 34
137 101
137 161
137 233
137 265
138 34
138 102
138 162
138 234
138 266
139 34
139 103
139 163
139 235
139 267
140 35
140 100
140 160
140 236
140 268
141 35
141 101
141 161
141 237
141 269
142 35
142 102
142 162
142 238
142 270
143 35
143 103
143 163
143 239
143 271
144 36
144 96
144 164
144 224
144 272
145 36
145 97
145 165
145 225
145 273
146 36
146 98
146 166
146 226
146 274
147 36
147 99
147 167
147 227
147 275
148 37
148 96
148 164
148 228
148 276
149 37
149 97
149 165
149 229
149 277
150 37
150 98
150 166
150 230
150 278
151 37
151 99
151 167
151 231
151 279
152 38
152 100
152 164
152 232
152 280
153 38
153 101
153 165
153 233
153 281
154 38
154 102
154 166
154 234
154 282
155 38
155 103
155 167
155 235
155 283
156 39
156 100
156 164
156 236
156 284
157 39
157 101
157 165
157 237
157 285
158 39
158 102
158 166
158 238
158 286
159 39
159 103
159 167
159 239
159 287
160 40
160 104
160 168
160 224
160 288
161 40
161 105
161 169
161 225
161 289
162 40
162 106
162 170
162 226
162 290
163 40
163 107
163 171
163 227
163 291
164 41
164 104
164 168
164 228
164 292
165 41
165 105
165 169
165 229
165 293
166 41
166 106
166 170
166 230
166 294
167 41
167 107
167 171
167 231
167 295
168 42
168 108
168 168
168 232
168 296
169 42
169 109
169 169
169 233
169 297
170 42
170 110
170 170
170 234
170 298
171 42
171 111
171 171
171 235
171 299
172 43
172 108
172 168
172 236
172 300
173 43
173 109
173 169
173 237
173 301
174 43
174 110
174 170
174 238
174 302
175 43
175 111
175 171
175 239
175 303
176 44
176 104
176 172
176 224
176 304
177 44
177 105
177 173
177 225
177 305
178 44
178 106
178 174
178 226
178 306
179 44
179 107
179 175
179 227
179 307
180 45
180 104
180 172
180 228
180 308
181 45
181 105
181 173
181 229
181 309
182 45
182 106
182 174
182 230
182 310
183 45
183 107
183 175
183 231
183 311
184 46
184 108
184 172
184 232
184 312
185 46
185 109
185 173
185 233
185 313
186 46
186 110
186 174
186 234
186 314
187 46
187 111
187 175
187 235
187 315
188 47
188 108
188 172
188 236
188 316
189 47
189 109
189 173
189 237
189 317
190 47
190 110
190 174
190 238
190 318
191 47
191 111
191 175
191 239
191 319
192 48
192 112
192 176
192 240
192 256
193 48
193 113
193 177
193 241
193 257
194 48
194 114
194 178
194 242
194 258
195 48
195 115
195 179
195 243
195 259
196 49
196 112
196 176
196 244
196 260
197 49
197 113
197 177
197 245
197 261
198 49
198 114
198 178
198 246
198 262
199 49
199 115
199 179
199 247
199 263
200 50
200 116
200 176
200 248
200 264
201 50
201 117
201 177
201 249
201 265
202 50
202 118
202 178
202 250
202 266
203 50
203 119
203 179
203 251
203 267
204 51
204 116
204 176
204 252
204 268
205 51
205 117
205 177
205 253
205 269
206 51
206 118
206 178
206 254
206 270
207 51
207 119
207 179
207 255
207 271
208 52
208 112
208 180
208 240
208 272
209 52
209 113
209 181
209 241
209 273
210 52
210 114
210 182
210 242
210 274
211 52
211 115
211 183
211 243
211 275
212 53
212 112
212 180
212 244
212 276
213 53
213 113
213 181
213 245
213 277
214 53
214 114
214 182
214 246
214 278
215 53
215 115
215 183
215 247
215 279
216 54
216 116
216 180
216 248
216 280
217 54
217 117
217 181
217 249
217 281
218 54
218 118
218 182
218 250
218 282
219 54
219 119
219 183
219 251
219 283
220 55
220 116
220 180
220 252
220 284
221 55
221 117
221 181
221 253
221 285
222 55
222 118
222 182
222 254
222 286
223 55
223 119
223 183
223 255
223 287
224 56
224 120
224 184
224 240
224 288
225 56
225 121
225 185
225 241
225 289
226 56
226 122
226 186
226 242
226 290
227 56
227 123
227 187
227 243
227 291
228 57
228 120
228 184
228 244
228 292
229 57
229 121
229 185
229 245
229 293
230 57
230 122
230 186
230 246
230 294
231 57
231 123
231 187
231 247
231 295
232 58
232 124
232 184
232 248
232 296
233 58
233 125
233 185
233 249
233 297
234 58
234 126
234 186
234 250
234 298
235 58
235 127
235 187
235 251
235 299
236 59
236 124
236 184
236 252
236 300
237 59
237 125
237 185
237 253
237 301
238 59
238 126
238 186
238 254
238 302
239 59
239 127
239 187
239 255
239 303
240 60
240 120
240 188
240 240
240 304
241 60
241 121
241 189
241 241
241 305
242 60
242 122
242 190
242 242
242 306
243 60
243 123
243 191
243 243
243 307
244 61
244 120
244 188
244 244
244 308
245 61
245 121
245 189
245 245
245 309
246 61
246 122
246 190
246 246
246 310
247 61
247 123
247 191
247 247
247 311
248 62
248 124
248 188
248 248
248 312
249 62
249 125
249 189
249 249
249 313
250 62
250 126
250 190
250 250
250 314
251 62
251 127
251 191
251 251
251 315
252 63
252 124
252 188
252 252
252 316
253 63
253 125
253 189
253 253
253 317
254 63
254 126
254 190
254 254
254 318
255 63
255 127
255 191
255 255
255 319
