0 0
0 36
0 72
0 108
1 0
1 37
1 73
1 109
2 0
2 38
2 74
2 110
3 0
3 39
3 75
3 111
4 0
4 40
4 76
4 112
5 0
5 41
5 77
5 113
6 1
6 36
6 78
6 108
7 1
7 37
7 79
7 109
8 1
8 38
8 80
8 110
9 1
9 39
9 81
9 111
10 1
10 40
10 82
10 112
11 1
11 41
11 83
11 113
12 2
12 36
12 84
12 108
13 2
13 37
13 85
13 109
14 2
14 38
14 86
14 110
15 2
15 39
15 87
15 111
16 2
16 40
16 88
16 112
17 2
17 41
17 89
17 113
18 3
18 42
18 90
18 108
19 3
19 43
19 91
19 109
20 3
20 44
20 92
20 110
21 3
21 45
21 93
21 111
22 3
22 46
22 94
22 112
23 3
23 47
23 95
23 113
24 4
24 42
24 96
24 108
25 4
25 43
25 97
25 109
26 4
26 44
26 98
26 110
27 4
27 45
27 99
27 111
28 4
28 46
28 100
28 112
29 4
29 47
29 101
29 113
30 5
30 42
30 102
30 108
31 5
31 43
31 103
31 109
32 5
32 44
32 104
32 110
33 5
33 45
33 105
33 111
34 5
34 46
34 106
34 112
35 5
35 47
35 107
35 113
36 6
36 36
36 72
36 114
37 6
37 37
37 73
37 115
38 6
38 38
38 74
38 116
39 6
39 39
39 75
39 117
40 6
40 40
40 76
40 118
41 6
41 41
41 77
41 119
42 7
42 36
42 78
42 114
43 7
43 37
43 79
43 115
44 7
44 38
44 80
44 116
45 7
45 39
45 81
45 117
46 7
46 40
46 82
46 118
47 7
47 41
47 83
47 119
48 8
48 36
48 84
48 114
49 8
49 37
49 85
49 115
50 8
50 38
50 86
50 116
51 8
51 39
51 87
51 117
52 8
52 40
52 88
52 118
53 8
53 41
53 89
53 119
54 9
54 42
54 90
54 114
55 9
55 43
55 91
55 115
56 9
56 44
56 92
56 116
57 9
57 45
57 93
57 117
58 9
58 46
58 94
58 118
59 9
59 47
59 95
59 119
60 10
60 42
60 96
60 114
61 10
61 43
61 97
61 115
62 10
62 44
62 98
62 116
63 10
63 45
63 99
63 117
64 10
64 46
64 100
64 118
65 10
65 47
65 101
65 119
66 11
66 42
66 102
66 114
67 11
67 43
67 103
67 115
68 11
68 44
68 104
68 116
69 11
69 45
69 105
69 117
70 11
70 46
70 106
70 118
71 11
71 47
71 107
71 119
72 12
72 54
72 72
72 120
73 12
73 55
73 73
73 121
74 12
74 56
74 74
74 122
75 12
75 57
75 75
75 123
76 12
76 58
76 76
76 124
77 12
77 59
77 77
77 125
78 13
78 54
78 78
78 120
79 13
79 55
79 79
79 121
80 13
80 56
80 80
80 122
81 13
81 57
81 81
81 123
82 13
82 58
82 82
82 124
83 13
83 59
83 83
83 125
84 14
84 54
84 84
84 120
85 14
85 55
85 85
85 121
86 14
86 56
86 86
86 122
87 14
87 57
87 87
87 123
88 14
88 58
88 88
88 124
89 14
89 59
89 89
89 125
90 15
90 60
90 90
90 120
91 15
91 61
91 91
91 121
92 15
92 62
92 92
92 122
93 15
93 63
93 93
93 123
94 15
94 64
94 94
94 124
95 15
95 65
95 95
95 125
96 16
96 60
96 96
96 120
97 16
97 61
97 97
97 121
98 16
98 62
98 98
98 122
99 16
99 63
99 99
99 123
100 16
100 64
100 100
100 124
101 16
101 65
101 101
101 125
102 17
102 60
102 102
102 120
103 17
103 61
103 103
103 121
104 17
104 62
104 104
104 122
105 17
105 63
105 105
105 123
106 17
106 64
106 106
106 124
107 17
107 65
107 107
107 125
108 18
108 54
108 72
108 126
109 18
109 55
109 73
109 127
110 18
110 56
110 74
110 128
111 18
111 57
111 75
111 129
112 18
112 58
112 76
112 130
113 18
113 59
113 77
113 131
114 19
114 54
114 78
114 126
115 19
115 55
115 79
115 127
116 19
116 56
116 80
116 128
117 19
117 57
117 81
117 129
118 19
118 58
118 82
118 130
119 19
119 59
119 83
119 131
120 20
120 54
120 84
120 126
121 20
121 55
121 85
121 127
122 20
122 56
122 86
122 128
123 20
123 57
123 87
123 129
124 20
124 58
124 88
124 130
125 20
125 59
125 89
125 131
126 21
126 60
126 90
126 126
127 21
127 61
127 91
127 127
128 21
128 62
128 92
128 128
129 21
129 63
129 93
129 129
130 21
130 64
130 94
130 130
131 21
131 65
131 95
131 131
132 22
132 60
132 96
132 126
133 22
133 61
133 97
133 127
134 22
134 62
134 98
134 128
135 22
135 63
135 99
135 129
136 22
136 64
136 100
136 130
137 22
137 65
137 101
137 131
138 23
138 60
138 102
138 126
139 23
139 61
139 103
139 127
140 23
140 62
140 104
140 128
141 23
141 63
141 105
141 129
142 23
142 64
142 106
142 130
143 23
143 65
143 107
143 131
144 24
144 72
144 72
144 132
145 24
145 73
145 73
145 133
146 24
146 74
146 74
146 134
147 24
147 75
147 75
147 135
148 24
148 76
148 76
148 136
149 24
149 77
149 77
149 137
150 25
150 72
150 78
150 132
151 25
151 73
151 79
151 133
152 25
152 74
152 80
152 134
153 25
153 75
153 81
153 135
154 25
154 76
154 82
154 136
155 25
155 77
155 83
155 137
156 26
156 72
156 84
156 132
157 26
157 73
157 85
157 133
158 26
158 74
158 86
158 134
159 26
159 75
159 87
159 135
160 26
160 76
160 88
160 136
161 26
161 77
161 89
161 137
162 27
162 78
162 90
162 132
163 27
163 79
163 91
163 133
164 27
164 80
164 92
164 134
165 27
165 81
165 93
165 135
166 27
166 82
166 94
166 136
167 27
167 83
167 95
167 137
168 28
168 78
168 96
168 132
169 28
169 79
169 97
169 133
170 28
170 80
170 98
170 134
171 28
171 81
171 99
171 135
172 28
172 82
172 100
172 136
173 28
173 83
173 101
173 137
174 29
174 78
174 102
174 132
175 29
175 79
175 103
175 133
176 29
176 80
176 104
176 134
177 29
177 81
177 105
177 135
178 29
178 82
178 106
178 136
179 29
179 83
179 107
179 137
180 30
180 72
180 72
180 138
181 30
181 73
181 73
181 139
182 30
182 74
182 74
182 140
183 30
183 75
183 75
183 141
184 30
184 76
184 76
184 142
185 30
185 77
185 77
185 143
186 31
186 72
186 78
186 138
187 31
187 73
187 79
187 139
188 31
188 74
188 80
188 140
189 31
189 75
189 81
189 141
190 31
190 76
190 82
190 142
191 31
191 77
191 83
191 143
192 32
192 72
192 84
192 138
193 32
193 73
193 85
193 139
194 32
194 74
194 86
194 140
195 32
195 75
195 87
195 141
196 32
196 76
196 88
196 142
197 32
197 77
197 89
197 143
198 33
198 78
198 90
198 138
199 33
199 79
199 91
199 139
200 33
200 80
200 92
200 140
201 33
201 81
201 93
201 141
202 33
202 82
202 94
202 142
203 33
203 83
203 95
203 143
204 34
204 78
204 96
204 138
205 34
205 79
205 97
205 139
206 34
206 80
206 98
206 140
207 34
207 81
207 99
207 141
208 34
208 82
208 100
208 142
209 34
209 83
209 101
209 143
210 35
210 78
210 102
210 138
211 35
211 79
211 103
211 139
212 35
212 80
212 104
212 140
213 35
213 81
213 105
213 141
214 35
214 82
214 106
214 142
215 35
215 83
215 107
215 143
