0 0
0 144
0 288
0 432
1 0
1 145
1 289
1 433
2 0
2 146
2 290
2 434
3 0
3 147
3 291
3 435
4 0
4 148
4 292
4 436
5 0
5 149
5 293
5 437
6 0
6 150
6 294
6 438
7 0
7 151
7 295
7 439
8 0
8 152
8 296
8 440
9 0
9 153
9 297
9 441
10 0
10 154
10 298
10 442
11 0
11 155
11 299
11 443
12 1
12 144
12 288
12 444
13 1
13 145
13 289
13 445
14 1
14 146
14 290
14 446
15 1
15 147
15 291
15 447
16 1
16 148
16 292
16 448
17 1
17 149
17 293
17 449
18 1
18 150
18 294
18 450
19 1
19 151
19 295
19 451
20 1
20 152
20 296
20 452
21 1
21 153
21 297
21 453
22 1
22 154
22 298
22 454
23 1
23 155
23 299
23 455
24 2
24 144
24 288
24 456
25 2
25 145
25 289
25 457
26 2
26 146
26 290
26 458
27 2
27 147
27 291
27 459
28 2
28 148
28 292
28 460
29 2
29 149
29 293
29 461
30 2
30 150
30 294
30 462
31 2
31 151
31 295
31 463
32 2
32 152
32 296
32 464
33 2
33 153
33 297
33 465
34 2
34 154
34 298
34 466
35 2
35 155
35 299
35 467
36 3
36 156
36 288
36 468
37 3
37 157
37 289
37 469
38 3
38 158
38 290
38 470
39 3
39 159
39 291
39 471
40 3
40 160
40 292
40 472
41 3
41 161
41 293
41 473
42 3
42 162
42 294
42 474
43 3
43 163
43 295
43 475
44 3
44 164
44 296
44 476
45 3
45 165
45 297
45 477
46 3
46 166
46 298
46 478
47 3
47 167
47 299
47 479
48 4
48 156
48 288
48 480
49 4
49 157
49 289
49 481
50 4
50 158
50 290
50 482
51 4
51 159
51 291
51 483
52 4
52 160
52 292
52 484
53 4
53 161
53 293
53 485
54 4
54 162
54 294
54 486
55 4
55 163
55 295
55 487
56 4
56 164
56 296
56 488
57 4
57 165
57 297
57 489
58 4
58 166
58 298
58 490
59 4
59 167
59 299
59 491
60 5
60 156
60 288
60 492
61 5
61 157
61 289
61 493
62 5
62 158
62 290
62 494
63 5
63 159
63 291
63 495
64 5
64 160
64 292
64 496
65 5
65 161
65 293
65 497
66 5
66 162
66 294
66 498
67 5
67 163
67 295
67 499
68 5
68 164
68 296
68 500
69 5
69 165
69 297
69 501
70 5
70 166
70 298
70 502
71 5
71 167
71 299
71 503
72 6
72 168
72 288
72 504
73 6
73 169
73 289
73 505
74 6
74 170
74 290
74 506
75 6
75 171
75 291
75 507
76 6
76 172
76 292
76 508
77 6
77 173
77 293
77 509
78 6
78 174
78 294
78 510
79 6
79 175
79 295
79 511
80 6
80 176
80 296
80 512
81 6
81 177
81 297
81 513
82 6
82 178
82 298
82 514
83 6
83 179
83 299
83 515
84 7
84 168
84 288
84 516
85 7
85 169
85 289
85 517
86 7
86 170
86 290
86 518
87 7
87 171
87 291
87 519
88 7
88 172
88 292
88 520
89 7
89 173
89 293
89 521
90 7
90 174
90 294
90 522
91 7
91 175
91 295
91 523
92 7
92 176
92 296
92 524
93 7
93 177
93 297
93 525
94 7
94 178
94 298
94 526
95 7
95 179
95 299
95 527
96 8
96 168
96 288
96 528
97 8
97 169
97 289
97 529
98 8
98 170
98 290
98 530
99 8
99 171
99 291
99 531
100 8
100 172
100 292
100 532
101 8
101 173
101 293
101 533
102 8
102 174
102 294
102 534
103 8
103 175
103 295
103 535
104 8
104 176
104 296
104 536
105 8
105 177
105 297
105 537
106 8
106 178
106 298
106 538
107 8
107 179
107 299
107 539
108 9
108 180
108 288
108 540
109 9
109 181
109 289
109 541
110 9
110 182
110 290
110 542
111 9
111 183
111 291
111 543
112 9
112 184
112 292
112 544
113 9
113 185
113 293
113 545
114 9
114 186
114 294
114 546
115 9
115 187
115 295
115 547
116 9
116 188
116 296
116 548
117 9
117 189
117 297
117 549
118 9
118 190
118 298
118 550
119 9
119 191
119 299
119 551
120 10
120 180
120 288
120 552
121 10
121 181
121 289
121 553
122 10
122 182
122 290
122 554
123 10
123 183
123 291
123 555
124 10
124 184
124 292
124 556
125 10
125 185
125 293
125 557
126 10
126 186
126 294
126 558
127 10
127 187
127 295
127 559
128 10
128 188
128 296
128 560
129 10
129 189
129 297
129 561
130 10
130 190
130 298
130 562
131 10
131 191
131 299
131 563
132 11
132 180
132 288
132 564
133 11
133 181
133 289
133 565
134 11
134 182
134 290
134 566
135 11
135 183
135 291
135 567
136 11
136 184
136 292
136 568
137 11
137 185
137 293
137 569
138 11
138 186
138 294
138 570
139 11
139 187
139 295
139 571
140 11
140 188
140 296
140 572
141 11
141 189
141 297
141 573
142 11
142 190
142 298
142 574
143 11
143 191
143 299
143 575
144 12
144 144
144 300
144 432
145 12
145 145
145 301
145 433
146 12
146 146
146 302
146 434
147 12
147 147
147 303
147 435
148 12
148 148
148 304
148 436
149 12
149 149
149 305
149 437
150 12
150 150
150 306
150 438
151 12
151 151
151 307
151 439
152 12
152 152
152 308
152 440
153 12
153 153
153 309
153 441
154 12
154 154
154 310
154 442
155 12
155 155
155 311
155 443
156 13
156 144
156 300
156 444
157 13
157 145
157 301
157 445
158 13
158 146
158 302
158 446
159 13
159 147
159 303
159 447
160 13
160 148
160 304
160 448
161 13
161 149
161 305
161 449
162 13
162 150
162 306
162 450
163 13
163 151
163 307
163 451
164 13
164 152
164 308
164 452
165 13
165 153
165 309
165 453
166 13
166 154
166 310
166 454
167 13
167 155
167 311
167 455
168 14
168 144
168 300
168 456
169 14
169 145
169 301
169 457
170 14
170 146
170 302
170 458
171 14
171 147
171 303
171 459
172 14
172 148
172 304
172 460
173 14
173 149
173 305
173 461
174 14
174 150
174 306
174 462
175 14
175 151
175 307
175 463
176 14
176 152
176 308
176 464
177 14
177 153
177 309
177 465
178 14
178 154
178 310
178 466
179 14
179 155
179 311
179 467
180 15
180 156
180 300
180 468
181 15
181 157
181 301
181 469
182 15
182 158
182 302
182 470
183 15
183 159
183 303
183 471
184 15
184 160
184 304
184 472
185 15
185 161
185 305
185 473
186 15
186 162
186 306
186 474
187 15
187 163
187 307
187 475
188 15
188 164
188 308
188 476
189 15
189 165
189 309
189 477
190 15
190 166
190 310
190 478
191 15
191 167
191 311
191 479
192 16
192 156
192 300
192 480
193 16
193 157
193 301
193 481
194 16
194 158
194 302
194 482
195 16
195 159
195 303
195 483
196 16
196 160
196 304
196 484
197 16
197 161
197 305
197 485
198 16
198 162
198 306
198 486
199 16
199 163
199 307
199 487
200 16
200 164
200 308
200 488
201 16
201 165
201 309
201 489
202 16
202 166
202 310
202 490
203 16
203 167
203 311
203 491
204 17
204 156
204 300
204 492
205 17
205 157
205 301
205 493
206 17
206 158
206 302
206 494
207 17
207 159
207 303
207 495
208 17
208 160
208 304
208 496
209 17
209 161
209 305
209 497
210 17
210 162
210 306
210 498
211 17
211 163
211 307
211 499
212 17
212 164
212 308
212 500
213 17
213 165
213 309
213 501
214 17
214 166
214 310
214 502
215 17
215 167
215 311
215 503
216 18
216 168
216 300
216 504
217 18
217 169
217 301
217 505
218 18
218 170
218 302
218 506
219 18
219 171
219 303
219 507
220 18
220 172
220 304
220 508
221 18
221 173
221 305
221 509
222 18
222 174
222 306
222 510
223 18
223 175
223 307
223 511
224 18
224 176
224 308
224 512
225 18
225 177
225 309
225 513
226 18
226 178
226 310
226 514
227 18
227 179
227 311
227 515
228 19
228 168
228 300
228 516
229 19
229 169
229 301
229 517
230 19
230 170
230 302
230 518
231 19
231 171
231 303
231 519
232 19
232 172
232 304
232 520
233 19
233 173
233 305
233 521
234 19
234 174
234 306
234 522
235 19
235 175
235 307
235 523
236 19
236 176
236 308
236 524
237 19
237 177
237 309
237 525
238 19
238 178
238 310
238 526
239 19
239 179
239 311
239 527
240 20
240 168
240 300
240 528
241 20
241 169
241 301
241 529
242 20
242 170
242 302
242 530
243 20
243 171
243 303
243 531
244 20
244 172
244 304
244 532
245 20
245 173
245 305
245 533
246 20
246 174
246 306
246 534
247 20
247 175
247 307
247 535
248 20
248 176
248 308
248 536
249 20
249 177
249 309
249 537
250 20
250 178
250 310
250 538
251 20
251 179
251 311
251 539
252 21
252 180
252 300
252 540
253 21
253 181
253 301
253 541
254 21
254 182
254 302
254 542
255 21
255 183
255 303
255 543
256 21
256 184
256 304
256 544
257 21
257 185
257 305
257 545
258 21
258 186
258 306
258 546
259 21
259 187
259 307
259 547
260 21
260 188
260 308
260 548
261 21
261 189
261 309
261 549
262 21
262 190
262 310
262 550
263 21
263 191
263 311
263 551
264 22
264 180
264 300
264 552
265 22
265 181
265 301
265 553
266 22
266 182
266 302
266 554
267 22
267 183
267 303
267 555
268 22
268 184
268 304
268 556
269 22
269 185
269 305
269 557
270 22
270 186
270 306
270 558
271 22
271 187
271 307
271 559
272 22
272 188
272 308
272 560
273 22
273 189
273 309
273 561
274 22
274 190
274 310
274 562
275 22
275 191
275 311
275 563
276 23
276 180
276 300
276 564
277 23
277 181
277 301
277 565
278 23
278 182
278 302
278 566
279 23
279 183
279 303
279 567
280 23
280 184
280 304
280 568
281 23
281 185
281 305
281 569
282 23
282 186
282 306
282 570
283 23
283 187
283 307
283 571
284 23
284 188
284 308
284 572
285 23
285 189
285 309
285 573
286 23
286 190
286 310
286 574
287 23
287 191
287 311
287 575
288 24
288 144
288 312
288 432
289 24
289 145
289 313
289 433
290 24
290 146
290 314
290 434
291 24
291 147
291 315
291 435
292 24
292 148
292 316
292 436
293 24
293 149
293 317
293 437
294 24
294 150
294 318
294 438
295 24
295 151
295 319
295 439
296 24
296 152
296 320
296 440
297 24
297 153
297 321
297 441
298 24
298 154
298 322
298 442
299 24
299 155
299 323
299 443
300 25
300 144
300 312
300 444
301 25
301 145
301 313
301 445
302 25
302 146
302 314
302 446
303 25
303 147
303 315
303 447
304 25
304 148
304 316
304 448
305 25
305 149
305 317
305 449
306 25
306 150
306 318
306 450
307 25
307 151
307 319
307 451
308 25
308 152
308 320
308 452
309 25
309 153
309 321
309 453
310 25
310 154
310 322
310 454
311 25
311 155
311 323
311 455
312 26
312 144
312 312
312 456
313 26
313 145
313 313
313 457
314 26
314 146
314 314
314 458
315 26
315 147
315 315
315 459
316 26
316 148
316 316
316 460
317 26
317 149
317 317
317 461
318 26
318 150
318 318
318 462
319 26
319 151
319 319
319 463
320 26
320 152
320 320
320 464
321 26
321 153
321 321
321 465
322 26
322 154
322 322
322 466
323 26
323 155
323 323
323 467
324 27
324 156
324 312
324 468
325 27
325 157
325 313
325 469
326 27
326 158
326 314
326 470
327 27
327 159
327 315
327 471
328 27
328 160
328 316
328 472
329 27
329 161
329 317
329 473
330 27
330 162
330 318
330 474
331 27
331 163
331 319
331 475
332 27
332 164
332 320
332 476
333 27
333 165
333 321
333 477
334 27
334 166
334 322
334 478
335 27
335 167
335 323
335 479
336 28
336 156
336 312
336 480
337 28
337 157
337 313
337 481
338 28
338 158
338 314
338 482
339 28
339 159
339 315
339 483
340 28
340 160
340 316
340 484
341 28
341 161
341 317
341 485
342 28
342 162
342 318
342 486
343 28
343 163
343 319
343 487
344 28
344 164
344 320
344 488
345 28
345 165
345 321
345 489
346 28
346 166
346 322
346 490
347 28
347 167
347 323
347 491
348 29
348 156
348 312
348 492
349 29
349 157
349 313
349 493
350 29
350 158
350 314
350 494
351 29
351 159
351 315
351 495
352 29
352 160
352 316
352 496
353 29
353 161
353 317
353 497
354 29
354 162
354 318
354 498
355 29
355 163
355 319
355 499
356 29
356 164
356 320
356 500
357 29
357 165
357 321
357 501
358 29
358 166
358 322
358 502
359 29
359 167
359 323
359 503
360 30
360 168
360 312
360 504
361 30
361 169
361 313
361 505
362 30
362 170
362 314
362 506
363 30
363 171
363 315
363 507
364 30
364 172
364 316
364 508
365 30
365 173
365 317
365 509
366 30
366 174
366 318
366 510
367 30
367 175
367 319
367 511
368 30
368 176
368 320
368 512
369 30
369 177
369 321
369 513
370 30
370 178
370 322
370 514
371 30
371 179
371 323
371 515
372 31
372 168
372 312
372 516
373 31
373 169
373 313
373 517
374 31
374 170
374 314
374 518
375 31
375 171
375 315
375 519
376 31
376 172
376 316
376 520
377 31
377 173
377 317
377 521
378 31
378 174
378 318
378 522
379 31
379 175
379 319
379 523
380 31
380 176
380 320
380 524
381 31
381 177
381 321
381 525
382 31
382 178
382 322
382 526
383 31
383 179
383 323
383 527
384 32
384 168
384 312
384 528
385 32
385 169
385 313
385 529
386 32
386 170
386 314
386 530
387 32
387 171
387 315
387 531
388 32
388 172
388 316
388 532
389 32
389 173
389 317
389 533
390 32
390 174
390 318
390 534
391 32
391 175
391 319
391 535
392 32
392 176
392 320
392 536
393 32
393 177
393 321
393 537
394 32
394 178
394 322
394 538
395 32
395 179
395 323
395 539
396 33
396 180
396 312
396 540
397 33
397 181
397 313
397 541
398 33
398 182
398 314
398 542
399 33
399 183
399 315
399 543
400 33
400 184
400 316
400 544
401 33
401 185
401 317
401 545
402 33
402 186
402 318
402 546
403 33
403 187
403 319
403 547
404 33
404 188
404 320
404 548
405 33
405 189
405 321
405 549
406 33
406 190
406 322
406 550
407 33
407 191
407 323
407 551
408 34
408 180
408 312
408 552
409 34
409 181
409 313
409 553
410 34
410 182
410 314
410 554
411 34
411 183
411 315
411 555
412 34
412 184
412 316
412 556
413 34
413 185
413 317
413 557
414 34
414 186
414 318
414 558
415 34
415 187
415 319
415 559
416 34
416 188
416 320
416 560
417 34
417 189
417 321
417 561
418 34
418 190
418 322
418 562
419 34
419 191
419 323
419 563
420 35
420 180
420 312
420 564
421 35
421 181
421 313
421 565
422 35
422 182
422 314
422 566
423 35
423 183
423 315
423 567
424 35
424 184
424 316
424 568
425 35
425 185
425 317
425 569
426 35
426 186
426 318
426 570
427 35
427 187
427 319
427 571
428 35
428 188
428 320
428 572
429 35
429 189
429 321
429 573
430 35
430 190
430 322
430 574
431 35
431 191
431 323
431 575
432 36
432 144
432 324
432 432
433 36
433 145
433 325
433 433
434 36
434 146
434 326
434 434
435 36
435 147
435 327
435 435
436 36
436 148
436 328
436 436
437 36
437 149
437 329
437 437
438 36
438 150
438 330
438 438
439 36
439 151
439 331
439 439
440 36
440 152
440 332
440 440
441 36
441 153
441 333
441 441
442 36
442 154
442 334
442 442
443 36
443 155
443 335
443 443
444 37
444 144
444 324
444 444
445 37
445 145
445 325
445 445
446 37
446 146
446 326
446 446
447 37
447 147
447 327
447 447
448 37
448 148
448 328
448 448
449 37
449 149
449 329
449 449
450 37
450 150
450 330
450 450
451 37
451 151
451 331
451 451
452 37
452 152
452 332
452 452
453 37
453 153
453 333
453 453
454 37
454 154
454 334
454 454
455 37
455 155
455 335
455 455
456 38
456 144
456 324
456 456
457 38
457 145
457 325
457 457
458 38
458 146
458 326
458 458
459 38
459 147
459 327
459 459
460 38
460 148
460 328
460 460
461 38
461 149
461 329
461 461
462 38
462 150
462 330
462 462
463 38
463 151
463 331
463 463
464 38
464 152
464 332
464 464
465 38
465 153
465 333
465 465
466 38
466 154
466 334
466 466
467 38
467 155
467 335
467 467
468 39
468 156
468 324
468 468
469 39
469 157
469 325
469 469
470 39
470 158
470 326
470 470
471 39
471 159
471 327
471 471
472 39
472 160
472 328
472 472
473 39
473 161
473 329
473 473
474 39
474 162
474 330
474 474
475 39
475 163
475 331
475 475
476 39
476 164
476 332
476 476
477 39
477 165
477 333
477 477
478 39
478 166
478 334
478 478
479 39
479 167
479 335
479 479
480 40
480 156
480 324
480 480
481 40
481 157
481 325
481 481
482 40
482 158
482 326
482 482
483 40
483 159
483 327
483 483
484 40
484 160
484 328
484 484
485 40
485 161
485 329
485 485
486 40
486 162
486 330
486 486
487 40
487 163
487 331
487 487
488 40
488 164
488 332
488 488
489 40
489 165
489 333
489 489
490 40
490 166
490 334
490 490
491 40
491 167
491 335
491 491
492 41
492 156
492 324
492 492
493 41
493 157
493 325
493 493
494 41
494 158
494 326
494 494
495 41
495 159
495 327
495 495
496 41
496 160
496 328
496 496
497 41
497 161
497 329
497 497
498 41
498 162
498 330
498 498
499 41
499 163
499 331
499 499
500 41
500 164
500 332
500 500
501 41
501 165
501 333
501 501
502 41
502 166
502 334
502 502
503 41
503 167
503 335
503 503
504 42
504 168
504 324
504 504
505 42
505 169
505 325
505 505
506 42
506 170
506 326
506 506
507 42
507 171
507 327
507 507
508 42
508 172
508 328
508 508
509 42
509 173
509 329
509 509
510 42
510 174
510 330
510 510
511 42
511 175
511 331
511 511
512 42
512 176
512 332
512 512
513 42
513 177
513 333
513 513
514 42
514 178
514 334
514 514
515 42
515 179
515 335
515 515
516 43
516 168
516 324
516 516
517 43
517 169
517 325
517 517
518 43
518 170
518 326
518 518
519 43
519 171
519 327
519 519
520 43
520 172
520 328
520 520
521 43
521 173
521 329
521 521
522 43
522 174
522 330
522 522
523 43
523 175
523 331
523 523
524 43
524 176
524 332
524 524
525 43
525 177
525 333
525 525
526 43
526 178
526 334
526 526
527 43
527 179
527 335
527 527
528 44
528 168
528 324
528 528
529 44
529 169
529 325
529 529
530 44
530 170
530 326
530 530
531 44
531 171
531 327
531 531
532 44
532 172
532 328
532 532
533 44
533 173
533 329
533 533
534 44
534 174
534 330
534 534
535 44
535 175
535 331
535 535
536 44
536 176
536 332
536 536
537 44
537 177
537 333
537 537
538 44
538 178
538 334
538 538
539 44
539 179
539 335
539 539
540 45
540 180
540 324
540 540
541 45
541 181
541 325
541 541
542 45
542 182
542 326
542 542
543 45
543 183
543 327
543 543
544 45
544 184
544 328
544 544
545 45
545 185
545 329
545 545
546 45
546 186
546 330
546 546
547 45
547 187
547 331
547 547
548 45
548 188
548 332
548 548
549 45
549 189
549 333
549 549
550 45
550 190
550 334
550 550
551 45
551 191
551 335
551 551
552 46
552 180
552 324
552 552
553 46
553 181
553 325
553 553
554 46
554 182
554 326
554 554
555 46
555 183
555 327
555 555
556 46
556 184
556 328
556 556
557 46
557 185
557 329
557 557
558 46
558 186
558 330
558 558
559 46
559 187
559 331
559 559
560 46
560 188
560 332
560 560
561 46
561 189
561 333
561 561
562 46
562 190
562 334
562 562
563 46
563 191
563 335
563 563
564 47
564 180
564 324
564 564
565 47
565 181
565 325
565 565
566 47
566 182
566 326
566 566
567 47
567 183
567 327
567 567
568 47
568 184
568 328
568 568
569 47
569 185
569 329
569 569
570 47
570 186
570 330
570 570
571 47
571 187
571 331
571 571
572 47
572 188
572 332
572 572
573 47
573 189
573 333
573 573
574 47
574 190
574 334
574 574
575 47
575 191
575 335
575 575
576 48
576 192
576 336
576 432
577 48
577 193
577 337
577 433
578 48
578 194
578 338
578 434
579 48
579 195
579 339
579 435
580 48
580 196
580 340
580 436
581 48
581 197
581 341
581 437
582 48
582 198
582 342
582 438
583 48
583 199
583 343
583 439
584 48
584 200
584 344
584 440
585 48
585 201
585 345
585 441
586 48
586 202
586 346
586 442
587 48
587 203
587 347
587 443
588 49
588 192
588 336
588 444
589 49
589 193
589 337
589 445
590 49
590 194
590 338
590 446
591 49
591 195
591 339
591 447
592 49
592 196
592 340
592 448
593 49
593 197
593 341
593 449
594 49
594 198
594 342
594 450
595 49
595 199
595 343
595 451
596 49
596 200
596 344
596 452
597 49
597 201
597 345
597 453
598 49
598 202
598 346
598 454
599 49
599 203
599 347
599 455
600 50
600 192
600 336
600 456
601 50
601 193
601 337
601 457
602 50
602 194
602 338
602 458
603 50
603 195
603 339
603 459
604 50
604 196
604 340
604 460
605 50
605 197
605 341
605 461
606 50
606 198
606 342
606 462
607 50
607 199
607 343
607 463
608 50
608 200
608 344
608 464
609 50
609 201
609 345
609 465
610 50
610 202
610 346
610 466
611 50
611 203
611 347
611 467
612 51
612 204
612 336
612 468
613 51
613 205
613 337
613 469
614 51
614 206
614 338
614 470
615 51
615 207
615 339
615 471
616 51
616 208
616 340
616 472
617 51
617 209
617 341
617 473
618 51
618 210
618 342
618 474
619 51
619 211
619 343
619 475
620 51
620 212
620 344
620 476
621 51
621 213
621 345
621 477
622 51
622 214
622 346
622 478
623 51
623 215
623 347
623 479
624 52
624 204
624 336
624 480
625 52
625 205
625 337
625 481
626 52
626 206
626 338
626 482
627 52
627 207
627 339
627 483
628 52
628 208
628 340
628 484
629 52
629 209
629 341
629 485
630 52
630 210
630 342
630 486
631 52
631 211
631 343
631 487
632 52
632 212
632 344
632 488
633 52
633 213
633 345
633 489
634 52
634 214
634 346
634 490
635 52
635 215
635 347
635 491
636 53
636 204
636 336
636 492
637 53
637 205
637 337
637 493
638 53
638 206
638 338
638 494
639 53
639 207
639 339
639 495
640 53
640 208
640 340
640 496
641 53
641 209
641 341
641 497
642 53
642 210
642 342
642 498
643 53
643 211
643 343
643 499
644 53
644 212
644 344
644 500
645 53
645 213
645 345
645 501
646 53
646 214
646 346
646 502
647 53
647 215
647 347
647 503
648 54
648 216
648 336
648 504
649 54
649 217
649 337
649 505
650 54
650 218
650 338
650 506
651 54
651 219
651 339
651 507
652 54
652 220
652 340
652 508
653 54
653 221
653 341
653 509
654 54
654 222
654 342
654 510
655 54
655 223
655 343
655 511
656 54
656 224
656 344
656 512
657 54
657 225
657 345
657 513
658 54
658 226
658 346
658 514
659 54
659 227
659 347
659 515
660 55
660 216
660 336
660 516
661 55
661 217
661 337
661 517
662 55
662 218
662 338
662 518
663 55
663 219
663 339
663 519
664 55
664 220
664 340
664 520
665 55
665 221
665 341
665 521
666 55
666 222
666 342
666 522
667 55
667 223
667 343
667 523
668 55
668 224
668 344
668 524
669 55
669 225
669 345
669 525
670 55
670 226
670 346
670 526
671 55
671 227
671 347
671 527
672 56
672 216
672 336
672 528
673 56
673 217
673 337
673 529
674 56
674 218
674 338
674 530
675 56
675 219
675 339
675 531
676 56
676 220
676 340
676 532
677 56
677 221
677 341
677 533
678 56
678 222
678 342
678 534
679 56
679 223
679 343
679 535
680 56
680 224
680 344
680 536
681 56
681 225
681 345
681 537
682 56
682 226
682 346
682 538
683 56
683 227
683 347
683 539
684 57
684 228
684 336
684 540
685 57
685 229
685 337
685 541
686 57
686 230
686 338
686 542
687 57
687 231
687 339
687 543
688 57
688 232
688 340
688 544
689 57
689 233
689 341
689 545
690 57
690 234
690 342
690 546
691 57
691 235
691 343
691 547
692 57
692 236
692 344
692 548
693 57
693 237
693 345
693 549
694 57
694 238
694 346
694 550
695 57
695 239
695 347
695 551
696 58
696 228
696 336
696 552
697 58
697 229
697 337
697 553
698 58
698 230
698 338
698 554
699 58
699 231
699 339
699 555
700 58
700 232
700 340
700 556
701 58
701 233
701 341
701 557
702 58
702 234
702 342
702 558
703 58
703 235
703 343
703 559
704 58
704 236
704 344
704 560
705 58
705 237
705 345
705 561
706 58
706 238
706 346
706 562
707 58
707 239
707 347
707 563
708 59
708 228
708 336
708 564
709 59
709 229
709 337
709 565
710 59
710 230
710 338
710 566
711 59
711 231
711 339
711 567
712 59
712 232
712 340
712 568
713 59
713 233
713 341
713 569
714 59
714 234
714 342
714 570
715 59
715 235
715 343
715 571
716 59
716 236
716 344
716 572
717 59
717 237
717 345
717 573
718 59
718 238
718 346
718 574
719 59
719 239
719 347
719 575
720 60
720 192
720 348
720 432
721 60
721 193
721 349
721 433
722 60
722 194
722 350
722 434
723 60
723 195
723 351
723 435
724 60
724 196
724 352
724 436
725 60
725 197
725 353
725 437
726 60
726 198
726 354
726 438
727 60
727 199
727 355
727 439
728 60
728 200
728 356
728 440
729 60
729 201
729 357
729 441
730 60
730 202
730 358
730 442
731 60
731 203
731 359
731 443
732 61
732 192
732 348
732 444
733 61
733 193
733 349
733 445
734 61
734 194
734 350
734 446
735 61
735 195
735 351
735 447
736 61
736 196
736 352
736 448
737 61
737 197
737 353
737 449
738 61
738 198
738 354
738 450
739 61
739 199
739 355
739 451
740 61
740 200
740 356
740 452
741 61
741 201
741 357
741 453
742 61
742 202
742 358
742 454
743 61
743 203
743 359
743 455
744 62
744 192
744 348
744 456
745 62
745 193
745 349
745 457
746 62
746 194
746 350
746 458
747 62
747 195
747 351
747 459
748 62
748 196
748 352
748 460
749 62
749 197
749 353
749 461
750 62
750 198
750 354
750 462
751 62
751 199
751 355
751 463
752 62
752 200
752 356
752 464
753 62
753 201
753 357
753 465
754 62
754 202
754 358
754 466
755 62
755 203
755 359
755 467
756 63
756 204
756 348
756 468
757 63
757 205
757 349
757 469
758 63
758 206
758 350
758 470
759 63
759 207
759 351
759 471
760 63
760 208
760 352
760 472
761 63
761 209
761 353
761 473
762 63
762 210
762 354
762 474
763 63
763 211
763 355
763 475
764 63
764 212
764 356
764 476
765 63
765 213
765 357
765 477
766 63
766 214
766 358
766 478
767 63
767 215
767 359
767 479
768 64
768 204
768 348
768 480
769 64
769 205
769 349
769 481
770 64
770 206
770 350
770 482
771 64
771 207
771 351
771 483
772 64
772 208
772 352
772 484
773 64
773 209
773 353
773 485
774 64
774 210
774 354
774 486
775 64
775 211
775 355
775 487
776 64
776 212
776 356
776 488
777 64
777 213
777 357
777 489
778 64
778 214
778 358
778 490
779 64
779 215
779 359
779 491
780 65
780 204
780 348
780 492
781 65
781 205
781 349
781 493
782 65
782 206
782 350
782 494
783 65
783 207
783 351
783 495
784 65
784 208
784 352
784 496
785 65
785 209
785 353
785 497
786 65
786 210
786 354
786 498
787 65
787 211
787 355
787 499
788 65
788 212
788 356
788 500
789 65
789 213
789 357
789 501
790 65
790 214
790 358
790 502
791 65
791 215
791 359
791 503
792 66
792 216
792 348
792 504
793 66
793 217
793 349
793 505
794 66
794 218
794 350
794 506
795 66
795 219
795 351
795 507
796 66
796 220
796 352
796 508
797 66
797 221
797 353
797 509
798 66
798 222
798 354
798 510
799 66
799 223
799 355
799 511
800 66
800 224
800 356
800 512
801 66
801 225
801 357
801 513
802 66
802 226
802 358
802 514
803 66
803 227
803 359
803 515
804 67
804 216
804 348
804 516
805 67
805 217
805 349
805 517
806 67
806 218
806 350
806 518
807 67
807 219
807 351
807 519
808 67
808 220
808 352
808 520
809 67
809 221
809 353
809 521
810 67
810 222
810 354
810 522
811 67
811 223
811 355
811 523
812 67
812 224
812 356
812 524
813 67
813 225
813 357
813 525
814 67
814 226
814 358
814 526
815 67
815 227
815 359
815 527
816 68
816 216
816 348
816 528
817 68
817 217
817 349
817 529
818 68
818 218
818 350
818 530
819 68
819 219
819 351
819 531
820 68
820 220
820 352
820 532
821 68
821 221
821 353
821 533
822 68
822 222
822 354
822 534
823 68
823 223
823 355
823 535
824 68
824 224
824 356
824 536
825 68
825 225
825 357
825 537
826 68
826 226
826 358
826 538
827 68
827 227
827 359
827 539
828 69
828 228
828 348
828 540
829 69
829 229
829 349
829 541
830 69
830 230
830 350
830 542
831 69
831 231
831 351
831 543
832 69
832 232
832 352
832 544
833 69
833 233
833 353
833 545
834 69
834 234
834 354
834 546
835 69
835 235
835 355
835 547
836 69
836 236
836 356
836 548
837 69
837 237
837 357
837 549
838 69
838 238
838 358
838 550
839 69
839 239
839 359
839 551
840 70
840 228
840 348
840 552
841 70
841 229
841 349
841 553
842 70
842 230
842 350
842 554
843 70
843 231
843 351
843 555
844 70
844 232
844 352
844 556
845 70
845 233
845 353
845 557
846 70
846 234
846 354
846 558
847 70
847 235
847 355
847 559
848 70
848 236
848 356
848 560
849 70
849 237
849 357
849 561
850 70
850 238
850 358
850 562
851 70
851 239
851 359
851 563
852 71
852 228
852 348
852 564
853 71
853 229
853 349
853 565
854 71
854 230
854 350
854 566
855 71
855 231
855 351
855 567
856 71
856 232
856 352
856 568
857 71
857 233
857 353
857 569
858 71
858 234
858 354
858 570
859 71
859 235
859 355
859 571
860 71
860 236
860 356
860 572
861 71
861 237
861 357
861 573
862 71
862 238
862 358
862 574
863 71
863 239
863 359
863 575
864 72
864 192
864 360
864 432
865 72
865 193
865 361
865 433
866 72
866 194
866 362
866 434
867 72
867 195
867 363
867 435
868 72
868 196
868 364
868 436
869 72
869 197
869 365
869 437
870 72
870 198
870 366
870 438
871 72
871 199
871 367
871 439
872 72
872 200
872 368
872 440
873 72
873 201
873 369
873 441
874 72
874 202
874 370
874 442
875 72
875 203
875 371
875 443
876 73
876 192
876 360
876 444
877 73
877 193
877 361
877 445
878 73
878 194
878 362
878 446
879 73
879 195
879 363
879 447
880 73
880 196
880 364
880 448
881 73
881 197
881 365
881 449
882 73
882 198
882 366
882 450
883 73
883 199
883 367
883 451
884 73
884 200
884 368
884 452
885 73
885 201
885 369
885 453
886 73
886 202
886 370
886 454
887 73
887 203
887 371
887 455
888 74
888 192
888 360
888 456
889 74
889 193
889 361
889 457
890 74
890 194
890 362
890 458
891 74
891 195
891 363
891 459
892 74
892 196
892 364
892 460
893 74
893 197
893 365
893 461
894 74
894 198
894 366
894 462
895 74
895 199
895 367
895 463
896 74
896 200
896 368
896 464
897 74
897 201
897 369
897 465
898 74
898 202
898 370
898 466
899 74
899 203
899 371
899 467
900 75
900 204
900 360
900 468
901 75
901 205
901 361
901 469
902 75
902 206
902 362
902 470
903 75
903 207
903 363
903 471
904 75
904 208
904 364
904 472
905 75
905 209
905 365
905 473
906 75
906 210
906 366
906 474
907 75
907 211
907 367
907 475
908 75
908 212
908 368
908 476
909 75
909 213
909 369
909 477
910 75
910 214
910 370
910 478
911 75
911 215
911 371
911 479
912 76
912 204
912 360
912 480
913 76
913 205
913 361
913 481
914 76
914 206
914 362
914 482
915 76
915 207
915 363
915 483
916 76
916 208
916 364
916 484
917 76
917 209
917 365
917 485
918 76
918 210
918 366
918 486
919 76
919 211
919 367
919 487
920 76
920 212
920 368
920 488
921 76
921 213
921 369
921 489
922 76
922 214
922 370
922 490
923 76
923 215
923 371
923 491
924 77
924 204
924 360
924 492
925 77
925 205
925 361
925 493
926 77
926 206
926 362
926 494
927 77
927 207
927 363
927 495
928 77
928 208
928 364
928 496
929 77
929 209
929 365
929 497
930 77
930 210
930 366
930 498
931 77
931 211
931 367
931 499
932 77
932 212
932 368
932 500
933 77
933 213
933 369
933 501
934 77
934 214
934 370
934 502
935 77
935 215
935 371
935 503
936 78
936 216
936 360
936 504
937 78
937 217
937 361
937 505
938 78
938 218
938 362
938 506
939 78
939 219
939 363
939 507
940 78
940 220
940 364
940 508
941 78
941 221
941 365
941 509
942 78
942 222
942 366
942 510
943 78
943 223
943 367
943 511
944 78
944 224
944 368
944 512
945 78
945 225
945 369
945 513
946 78
946 226
946 370
946 514
947 78
947 227
947 371
947 515
948 79
948 216
948 360
948 516
949 79
949 217
949 361
949 517
950 79
950 218
950 362
950 518
951 79
951 219
951 363
951 519
952 79
952 220
952 364
952 520
953 79
953 221
953 365
953 521
954 79
954 222
954 366
954 522
955 79
955 223
955 367
955 523
956 79
956 224
956 368
956 524
957 79
957 225
957 369
957 525
958 79
958 226
958 370
958 526
959 79
959 227
959 371
959 527
960 80
960 216
960 360
960 528
961 80
961 217
961 361
961 529
962 80
962 218
962 362
962 530
963 80
963 219
963 363
963 531
964 80
964 220
964 364
964 532
965 80
965 221
965 365
965 533
966 80
966 222
966 366
966 534
967 80
967 223
967 367
967 535
968 80
968 224
968 368
968 536
969 80
969 225
969 369
969 537
970 80
970 226
970 370
970 538
971 80
971 227
971 371
971 539
972 81
972 228
972 360
972 540
973 81
973 229
973 361
973 541
974 81
974 230
974 362
974 542
975 81
975 231
975 363
975 543
976 81
976 232
976 364
976 544
977 81
977 233
977 365
977 545
978 81
978 234
978 366
978 546
979 81
979 235
979 367
979 547
980 81
980 236
980 368
980 548
981 81
981 237
981 369
981 549
982 81
982 238
982 370
982 550
983 81
983 239
983 371
983 551
984 82
984 228
984 360
984 552
985 82
985 229
985 361
985 553
986 82
986 230
986 362
986 554
987 82
987 231
987 363
987 555
988 82
988 232
988 364
988 556
989 82
989 233
989 365
989 557
990 82
990 234
990 366
990 558
991 82
991 235
991 367
991 559
992 82
992 236
992 368
992 560
993 82
993 237
993 369
993 561
994 82
994 238
994 370
994 562
995 82
995 239
995 371
995 563
996 83
996 228
996 360
996 564
997 83
997 229
997 361
997 565
998 83
998 230
998 362
998 566
999 83
999 231
999 363
999 567
1000 83
1000 232
1000 364
1000 568
1001 83
1001 233
1001 365
1001 569
1002 83
1002 234
1002 366
1002 570
1003 83
1003 235
1003 367
1003 571
1004 83
1004 236
1004 368
1004 572
1005 83
1005 237
1005 369
1005 573
1006 83
1006 238
1006 370
1006 574
1007 83
1007 239
1007 371
1007 575
1008 84
1008 192
1008 372
1008 432
1009 84
1009 193
1009 373
1009 433
1010 84
1010 194
1010 374
1010 434
1011 84
1011 195
1011 375
1011 435
1012 84
1012 196
1012 376
1012 436
1013 84
1013 197
1013 377
1013 437
1014 84
1014 198
1014 378
1014 438
1015 84
1015 199
1015 379
1015 439
1016 84
1016 200
1016 380
1016 440
1017 84
1017 201
1017 381
1017 441
1018 84
1018 202
1018 382
1018 442
1019 84
1019 203
1019 383
1019 443
1020 85
1020 192
1020 372
1020 444
1021 85
1021 193
1021 373
1021 445
1022 85
1022 194
1022 374
1022 446
1023 85
1023 195
1023 375
1023 447
1024 85
1024 196
1024 376
1024 448
1025 85
1025 197
1025 377
1025 449
1026 85
1026 198
1026 378
1026 450
1027 85
1027 199
1027 379
1027 451
1028 85
1028 200
1028 380
1028 452
1029 85
1029 201
1029 381
1029 453
1030 85
1030 202
1030 382
1030 454
1031 85
1031 203
1031 383
1031 455
1032 86
1032 192
1032 372
1032 456
1033 86
1033 193
1033 373
1033 457
1034 86
1034 194
1034 374
1034 458
1035 86
1035 195
1035 375
1035 459
1036 86
1036 196
1036 376
1036 460
1037 86
1037 197
1037 377
1037 461
1038 86
1038 198
1038 378
1038 462
1039 86
1039 199
1039 379
1039 463
1040 86
1040 200
1040 380
1040 464
1041 86
1041 201
1041 381
1041 465
1042 86
1042 202
1042 382
1042 466
1043 86
1043 203
1043 383
1043 467
1044 87
1044 204
1044 372
1044 468
1045 87
1045 205
1045 373
1045 469
1046 87
1046 206
1046 374
1046 470
1047 87
1047 207
1047 375
1047 471
1048 87
1048 208
1048 376
1048 472
1049 87
1049 209
1049 377
1049 473
1050 87
1050 210
1050 378
1050 474
1051 87
1051 211
1051 379
1051 475
1052 87
1052 212
1052 380
1052 476
1053 87
1053 213
1053 381
1053 477
1054 87
1054 214
1054 382
1054 478
1055 87
1055 215
1055 383
1055 479
1056 88
1056 204
1056 372
1056 480
1057 88
1057 205
1057 373
1057 481
1058 88
1058 206
1058 374
1058 482
1059 88
1059 207
1059 375
1059 483
1060 88
1060 208
1060 376
1060 484
1061 88
1061 209
1061 377
1061 485
1062 88
1062 210
1062 378
1062 486
1063 88
1063 211
1063 379
1063 487
1064 88
1064 212
1064 380
1064 488
1065 88
1065 213
1065 381
1065 489
1066 88
1066 214
1066 382
1066 490
1067 88
1067 215
1067 383
1067 491
1068 89
1068 204
1068 372
1068 492
1069 89
1069 205
1069 373
1069 493
1070 89
1070 206
1070 374
1070 494
1071 89
1071 207
1071 375
1071 495
1072 89
1072 208
1072 376
1072 496
1073 89
1073 209
1073 377
1073 497
1074 89
1074 210
1074 378
1074 498
1075 89
1075 211
1075 379
1075 499
1076 89
1076 212
1076 380
1076 500
1077 89
1077 213
1077 381
1077 501
1078 89
1078 214
1078 382
1078 502
1079 89
1079 215
1079 383
1079 503
1080 90
1080 216
1080 372
1080 504
1081 90
1081 217
1081 373
1081 505
1082 90
1082 218
1082 374
1082 506
1083 90
1083 219
1083 375
1083 507
1084 90
1084 220
1084 376
1084 508
1085 90
1085 221
1085 377
1085 509
1086 90
1086 222
1086 378
1086 510
1087 90
1087 223
1087 379
1087 511
1088 90
1088 224
1088 380
1088 512
1089 90
1089 225
1089 381
1089 513
1090 90
1090 226
1090 382
1090 514
1091 90
1091 227
1091 383
1091 515
1092 91
1092 216
1092 372
1092 516
1093 91
1093 217
1093 373
1093 517
1094 91
1094 218
1094 374
1094 518
1095 91
1095 219
1095 375
1095 519
1096 91
1096 220
1096 376
1096 520
1097 91
1097 221
1097 377
1097 521
1098 91
1098 222
1098 378
1098 522
1099 91
1099 223
1099 379
1099 523
1100 91
1100 224
1100 380
1100 524
1101 91
1101 225
1101 381
1101 525
1102 91
1102 226
1102 382
1102 526
1103 91
1103 227
1103 383
1103 527
1104 92
1104 216
1104 372
1104 528
1105 92
1105 217
1105 373
1105 529
1106 92
1106 218
1106 374
1106 530
1107 92
1107 219
1107 375
1107 531
1108 92
1108 220
1108 376
1108 532
1109 92
1109 221
1109 377
1109 533
1110 92
1110 222
1110 378
1110 534
1111 92
1111 223
1111 379
1111 535
1112 92
1112 224
1112 380
1112 536
1113 92
1113 225
1113 381
1113 537
1114 92
1114 226
1114 382
1114 538
1115 92
1115 227
1115 383
1115 539
1116 93
1116 228
1116 372
1116 540
1117 93
1117 229
1117 373
1117 541
1118 93
1118 230
1118 374
1118 542
1119 93
1119 231
1119 375
1119 543
1120 93
1120 232
1120 376
1120 544
1121 93
1121 233
1121 377
1121 545
1122 93
1122 234
1122 378
1122 546
1123 93
1123 235
1123 379
1123 547
1124 93
1124 236
1124 380
1124 548
1125 93
1125 237
1125 381
1125 549
1126 93
1126 238
1126 382
1126 550
1127 93
1127 239
1127 383
1127 551
1128 94
1128 228
1128 372
1128 552
1129 94
1129 229
1129 373
1129 553
1130 94
1130 230
1130 374
1130 554
1131 94
1131 231
1131 375
1131 555
1132 94
1132 232
1132 376
1132 556
1133 94
1133 233
1133 377
1133 557
1134 94
1134 234
1134 378
1134 558
1135 94
1135 235
1135 379
1135 559
1136 94
1136 236
1136 380
1136 560
1137 94
1137 237
1137 381
1137 561
1138 94
1138 238
1138 382
1138 562
1139 94
1139 239
1139 383
1139 563
1140 95
1140 228
1140 372
1140 564
1141 95
1141 229
1141 373
1141 565
1142 95
1142 230
1142 374
1142 566
1143 95
1143 231
1143 375
1143 567
1144 95
1144 232
1144 376
1144 568
1145 95
1145 233
1145 377
1145 569
1146 95
1146 234
1146 378
1146 570
1147 95
1147 235
1147 379
1147 571
1148 95
1148 236
1148 380
1148 572
1149 95
1149 237
1149 381
1149 573
1150 95
1150 238
1150 382
1150 574
1151 95
1151 239
1151 383
1151 575
1152 96
1152 240
1152 384
1152 432
1153 96
1153 241
1153 385
1153 433
1154 96
1154 242
1154 386
1154 434
1155 96
1155 243
1155 387
1155 435
1156 96
1156 244
1156 388
1156 436
1157 96
1157 245
1157 389
1157 437
1158 96
1158 246
1158 390
1158 438
1159 96
1159 247
1159 391
1159 439
1160 96
1160 248
1160 392
1160 440
1161 96
1161 249
1161 393
1161 441
1162 96
1162 250
1162 394
1162 442
1163 96
1163 251
1163 395
1163 443
1164 97
1164 240
1164 384
1164 444
1165 97
1165 241
1165 385
1165 445
1166 97
1166 242
1166 386
1166 446
1167 97
1167 243
1167 387
1167 447
1168 97
1168 244
1168 388
1168 448
1169 97
1169 245
1169 389
1169 449
1170 97
1170 246
1170 390
1170 450
1171 97
1171 247
1171 391
1171 451
1172 97
1172 248
1172 392
1172 452
1173 97
1173 249
1173 393
1173 453
1174 97
1174 250
1174 394
1174 454
1175 97
1175 251
1175 395
1175 455
1176 98
1176 240
1176 384
1176 456
1177 98
1177 241
1177 385
1177 457
1178 98
1178 242
1178 386
1178 458
1179 98
1179 243
1179 387
1179 459
1180 98
1180 244
1180 388
1180 460
1181 98
1181 245
1181 389
1181 461
1182 98
1182 246
1182 390
1182 462
1183 98
1183 247
1183 391
1183 463
1184 98
1184 248
1184 392
1184 464
1185 98
1185 249
1185 393
1185 465
1186 98
1186 250
1186 394
1186 466
1187 98
1187 251
1187 395
1187 467
1188 99
1188 252
1188 384
1188 468
1189 99
1189 253
1189 385
1189 469
1190 99
1190 254
1190 386
1190 470
1191 99
1191 255
1191 387
1191 471
1192 99
1192 256
1192 388
1192 472
1193 99
1193 257
1193 389
1193 473
1194 99
1194 258
1194 390
1194 474
1195 99
1195 259
1195 391
1195 475
1196 99
1196 260
1196 392
1196 476
1197 99
1197 261
1197 393
1197 477
1198 99
1198 262
1198 394
1198 478
1199 99
1199 263
1199 395
1199 479
1200 100
1200 252
1200 384
1200 480
1201 100
1201 253
1201 385
1201 481
1202 100
1202 254
1202 386
1202 482
1203 100
1203 255
1203 387
1203 483
1204 100
1204 256
1204 388
1204 484
1205 100
1205 257
1205 389
1205 485
1206 100
1206 258
1206 390
1206 486
1207 100
1207 259
1207 391
1207 487
1208 100
1208 260
1208 392
1208 488
1209 100
1209 261
1209 393
1209 489
1210 100
1210 262
1210 394
1210 490
1211 100
1211 263
1211 395
1211 491
1212 101
1212 252
1212 384
1212 492
1213 101
1213 253
1213 385
1213 493
1214 101
1214 254
1214 386
1214 494
1215 101
1215 255
1215 387
1215 495
1216 101
1216 256
1216 388
1216 496
1217 101
1217 257
1217 389
1217 497
1218 101
1218 258
1218 390
1218 498
1219 101
1219 259
1219 391
1219 499
1220 101
1220 260
1220 392
1220 500
1221 101
1221 261
1221 393
1221 501
1222 101
1222 262
1222 394
1222 502
1223 101
1223 263
1223 395
1223 503
1224 102
1224 264
1224 384
1224 504
1225 102
1225 265
1225 385
1225 505
1226 102
1226 266
1226 386
1226 506
1227 102
1227 267
1227 387
1227 507
1228 102
1228 268
1228 388
1228 508
1229 102
1229 269
1229 389
1229 509
1230 102
1230 270
1230 390
1230 510
1231 102
1231 271
1231 391
1231 511
1232 102
1232 272
1232 392
1232 512
1233 102
1233 273
1233 393
1233 513
1234 102
1234 274
1234 394
1234 514
1235 102
1235 275
1235 395
1235 515
1236 103
1236 264
1236 384
1236 516
1237 103
1237 265
1237 385
1237 517
1238 103
1238 266
1238 386
1238 518
1239 103
1239 267
1239 387
1239 519
1240 103
1240 268
1240 388
1240 520
1241 103
1241 269
1241 389
1241 521
1242 103
1242 270
1242 390
1242 522
1243 103
1243 271
1243 391
1243 523
1244 103
1244 272
1244 392
1244 524
1245 103
1245 273
1245 393
1245 525
1246 103
1246 274
1246 394
1246 526
1247 103
1247 275
1247 395
1247 527
1248 104
1248 264
1248 384
1248 528
1249 104
1249 265
1249 385
1249 529
1250 104
1250 266
1250 386
1250 530
1251 104
1251 267
1251 387
1251 531
1252 104
1252 268
1252 388
1252 532
1253 104
1253 269
1253 389
1253 533
1254 104
1254 270
1254 390
1254 534
1255 104
1255 271
1255 391
1255 535
1256 104
1256 272
1256 392
1256 536
1257 104
1257 273
1257 393
1257 537
1258 104
1258 274
1258 394
1258 538
1259 104
1259 275
1259 395
1259 539
1260 105
1260 276
1260 384
1260 540
1261 105
1261 277
1261 385
1261 541
1262 105
1262 278
1262 386
1262 542
1263 105
1263 279
1263 387
1263 543
1264 105
1264 280
1264 388
1264 544
1265 105
1265 281
1265 389
1265 545
1266 105
1266 282
1266 390
1266 546
1267 105
1267 283
1267 391
1267 547
1268 105
1268 284
1268 392
1268 548
1269 105
1269 285
1269 393
1269 549
1270 105
1270 286
1270 394
1270 550
1271 105
1271 287
1271 395
1271 551
1272 106
1272 276
1272 384
1272 552
1273 106
1273 277
1273 385
1273 553
1274 106
1274 278
1274 386
1274 554
1275 106
1275 279
1275 387
1275 555
1276 106
1276 280
1276 388
1276 556
1277 106
1277 281
1277 389
1277 557
1278 106
1278 282
1278 390
1278 558
1279 106
1279 283
1279 391
1279 559
1280 106
1280 284
1280 392
1280 560
1281 106
1281 285
1281 393
1281 561
1282 106
1282 286
1282 394
1282 562
1283 106
1283 287
1283 395
1283 563
1284 107
1284 276
1284 384
1284 564
1285 107
1285 277
1285 385
1285 565
1286 107
1286 278
1286 386
1286 566
1287 107
1287 279
1287 387
1287 567
1288 107
1288 280
1288 388
1288 568
1289 107
1289 281
1289 389
1289 569
1290 107
1290 282
1290 390
1290 570
1291 107
1291 283
1291 391
1291 571
1292 107
1292 284
1292 392
1292 572
1293 107
1293 285
1293 393
1293 573
1294 107
1294 286
1294 394
1294 574
1295 107
1295 287
1295 395
1295 575
1296 108
1296 240
1296 396
1296 432
1297 108
1297 241
1297 397
1297 433
1298 108
1298 242
1298 398
1298 434
1299 108
1299 243
1299 399
1299 435
1300 108
1300 244
1300 400
1300 436
1301 108
1301 245
1301 401
1301 437
1302 108
1302 246
1302 402
1302 438
1303 108
1303 247
1303 403
1303 439
1304 108
1304 248
1304 404
1304 440
1305 108
1305 249
1305 405
1305 441
1306 108
1306 250
1306 406
1306 442
1307 108
1307 251
1307 407
1307 443
1308 109
1308 240
1308 396
1308 444
1309 109
1309 241
1309 397
1309 445
1310 109
1310 242
1310 398
1310 446
1311 109
1311 243
1311 399
1311 447
1312 109
1312 244
1312 400
1312 448
1313 109
1313 245
1313 401
1313 449
1314 109
1314 246
1314 402
1314 450
1315 109
1315 247
1315 403
1315 451
1316 109
1316 248
1316 404
1316 452
1317 109
1317 249
1317 405
1317 453
1318 109
1318 250
1318 406
1318 454
1319 109
1319 251
1319 407
1319 455
1320 110
1320 240
1320 396
1320 456
1321 110
1321 241
1321 397
1321 457
1322 110
1322 242
1322 398
1322 458
1323 110
1323 243
1323 399
1323 459
1324 110
1324 244
1324 400
1324 460
1325 110
1325 245
1325 401
1325 461
1326 110
1326 246
1326 402
1326 462
1327 110
1327 247
1327 403
1327 463
1328 110
1328 248
1328 404
1328 464
1329 110
1329 249
1329 405
1329 465
1330 110
1330 250
1330 406
1330 466
1331 110
1331 251
1331 407
1331 467
1332 111
1332 252
1332 396
1332 468
1333 111
1333 253
1333 397
1333 469
1334 111
1334 254
1334 398
1334 470
1335 111
1335 255
1335 399
1335 471
1336 111
1336 256
1336 400
1336 472
1337 111
1337 257
1337 401
1337 473
1338 111
1338 258
1338 402
1338 474
1339 111
1339 259
1339 403
1339 475
1340 111
1340 260
1340 404
1340 476
1341 111
1341 261
1341 405
1341 477
1342 111
1342 262
1342 406
1342 478
1343 111
1343 263
1343 407
1343 479
1344 112
1344 252
1344 396
1344 480
1345 112
1345 253
1345 397
1345 481
1346 112
1346 254
1346 398
1346 482
1347 112
1347 255
1347 399
1347 483
1348 112
1348 256
1348 400
1348 484
1349 112
1349 257
1349 401
1349 485
1350 112
1350 258
1350 402
1350 486
1351 112
1351 259
1351 403
1351 487
1352 112
1352 260
1352 404
1352 488
1353 112
1353 261
1353 405
1353 489
1354 112
1354 262
1354 406
1354 490
1355 112
1355 263
1355 407
1355 491
1356 113
1356 252
1356 396
1356 492
1357 113
1357 253
1357 397
1357 493
1358 113
1358 254
1358 398
1358 494
1359 113
1359 255
1359 399
1359 495
1360 113
1360 256
1360 400
1360 496
1361 113
1361 257
1361 401
1361 497
1362 113
1362 258
1362 402
1362 498
1363 113
1363 259
1363 403
1363 499
1364 113
1364 260
1364 404
1364 500
1365 113
1365 261
1365 405
1365 501
1366 113
1366 262
1366 406
1366 502
1367 113
1367 263
1367 407
1367 503
1368 114
1368 264
1368 396
1368 504
1369 114
1369 265
1369 397
1369 505
1370 114
1370 266
1370 398
1370 506
1371 114
1371 267
1371 399
1371 507
1372 114
1372 268
1372 400
1372 508
1373 114
1373 269
1373 401
1373 509
1374 114
1374 270
1374 402
1374 510
1375 114
1375 271
1375 403
1375 511
1376 114
1376 272
1376 404
1376 512
1377 114
1377 273
1377 405
1377 513
1378 114
1378 274
1378 406
1378 514
1379 114
1379 275
1379 407
1379 515
1380 115
1380 264
1380 396
1380 516
1381 115
1381 265
1381 397
1381 517
1382 115
1382 266
1382 398
1382 518
1383 115
1383 267
1383 399
1383 519
1384 115
1384 268
1384 400
1384 520
1385 115
1385 269
1385 401
1385 521
1386 115
1386 270
1386 402
1386 522
1387 115
1387 271
1387 403
1387 523
1388 115
1388 272
1388 404
1388 524
1389 115
1389 273
1389 405
1389 525
1390 115
1390 274
1390 406
1390 526
1391 115
1391 275
1391 407
1391 527
1392 116
1392 264
1392 396
1392 528
1393 116
1393 265
1393 397
1393 529
1394 116
1394 266
1394 398
1394 530
1395 116
1395 267
1395 399
1395 531
1396 116
1396 268
1396 400
1396 532
1397 116
1397 269
1397 401
1397 533
1398 116
1398 270
1398 402
1398 534
1399 116
1399 271
1399 403
1399 535
1400 116
1400 272
1400 404
1400 536
1401 116
1401 273
1401 405
1401 537
1402 116
1402 274
1402 406
1402 538
1403 116
1403 275
1403 407
1403 539
1404 117
1404 276
1404 396
1404 540
1405 117
1405 277
1405 397
1405 541
1406 117
1406 278
1406 398
1406 542
1407 117
1407 279
1407 399
1407 543
1408 117
1408 280
1408 400
1408 544
1409 117
1409 281
1409 401
1409 545
1410 117
1410 282
1410 402
1410 546
1411 117
1411 283
1411 403
1411 547
1412 117
1412 284
1412 404
1412 548
1413 117
1413 285
1413 405
1413 549
1414 117
1414 286
1414 406
1414 550
1415 117
1415 287
1415 407
1415 551
1416 118
1416 276
1416 396
1416 552
1417 118
1417 277
1417 397
1417 553
1418 118
1418 278
1418 398
1418 554
1419 118
1419 279
1419 399
1419 555
1420 118
1420 280
1420 400
1420 556
1421 118
1421 281
1421 401
1421 557
1422 118
1422 282
1422 402
1422 558
1423 118
1423 283
1423 403
1423 559
1424 118
1424 284
1424 404
1424 560
1425 118
1425 285
1425 405
1425 561
1426 118
1426 286
1426 406
1426 562
1427 118
1427 287
1427 407
1427 563
1428 119
1428 276
1428 396
1428 564
1429 119
1429 277
1429 397
1429 565
1430 119
1430 278
1430 398
1430 566
1431 119
1431 279
1431 399
1431 567
1432 119
1432 280
1432 400
1432 568
1433 119
1433 281
1433 401
1433 569
1434 119
1434 282
1434 402
1434 570
1435 119
1435 283
1435 403
1435 571
1436 119
1436 284
1436 404
1436 572
1437 119
1437 285
1437 405
1437 573
1438 119
1438 286
1438 406
1438 574
1439 119
1439 287
1439 407
1439 575
1440 120
1440 240
1440 408
1440 432
1441 120
1441 241
1441 409
1441 433
1442 120
1442 242
1442 410
1442 434
1443 120
1443 243
1443 411
1443 435
1444 120
1444 244
1444 412
1444 436
1445 120
1445 245
1445 413
1445 437
1446 120
1446 246
1446 414
1446 438
1447 120
1447 247
1447 415
1447 439
1448 120
1448 248
1448 416
1448 440
1449 120
1449 249
1449 417
1449 441
1450 120
1450 250
1450 418
1450 442
1451 120
1451 251
1451 419
1451 443
1452 121
1452 240
1452 408
1452 444
1453 121
1453 241
1453 409
1453 445
1454 121
1454 242
1454 410
1454 446
1455 121
1455 243
1455 411
1455 447
1456 121
1456 244
1456 412
1456 448
1457 121
1457 245
1457 413
1457 449
1458 121
1458 246
1458 414
1458 450
1459 121
1459 247
1459 415
1459 451
1460 121
1460 248
1460 416
1460 452
1461 121
1461 249
1461 417
1461 453
1462 121
1462 250
1462 418
1462 454
1463 121
1463 251
1463 419
1463 455
1464 122
1464 240
1464 408
1464 456
1465 122
1465 241
1465 409
1465 457
1466 122
1466 242
1466 410
1466 458
1467 122
1467 243
1467 411
1467 459
1468 122
1468 244
1468 412
1468 460
1469 122
1469 245
1469 413
1469 461
1470 122
1470 246
1470 414
1470 462
1471 122
1471 247
1471 415
1471 463
1472 122
1472 248
1472 416
1472 464
1473 122
1473 249
1473 417
1473 465
1474 122
1474 250
1474 418
1474 466
1475 122
1475 251
1475 419
1475 467
1476 123
1476 252
1476 408
1476 468
1477 123
1477 253
1477 409
1477 469
1478 123
1478 254
1478 410
1478 470
1479 123
1479 255
1479 411
1479 471
1480 123
1480 256
1480 412
1480 472
1481 123
1481 257
1481 413
1481 473
1482 123
1482 258
1482 414
1482 474
1483 123
1483 259
1483 415
1483 475
1484 123
1484 260
1484 416
1484 476
1485 123
1485 261
1485 417
1485 477
1486 123
1486 262
1486 418
1486 478
1487 123
1487 263
1487 419
1487 479
1488 124
1488 252
1488 408
1488 480
1489 124
1489 253
1489 409
1489 481
1490 124
1490 254
1490 410
1490 482
1491 124
1491 255
1491 411
1491 483
1492 124
1492 256
1492 412
1492 484
1493 124
1493 257
1493 413
1493 485
1494 124
1494 258
1494 414
1494 486
1495 124
1495 259
1495 415
1495 487
1496 124
1496 260
1496 416
1496 488
1497 124
1497 261
1497 417
1497 489
1498 124
1498 262
1498 418
1498 490
1499 124
1499 263
1499 419
1499 491
1500 125
1500 252
1500 408
1500 492
1501 125
1501 253
1501 409
1501 493
1502 125
1502 254
1502 410
1502 494
1503 125
1503 255
1503 411
1503 495
1504 125
1504 256
1504 412
1504 496
1505 125
1505 257
1505 413
1505 497
1506 125
1506 258
1506 414
1506 498
1507 125
1507 259
1507 415
1507 499
1508 125
1508 260
1508 416
1508 500
1509 125
1509 261
1509 417
1509 501
1510 125
1510 262
1510 418
1510 502
1511 125
1511 263
1511 419
1511 503
1512 126
1512 264
1512 408
1512 504
1513 126
1513 265
1513 409
1513 505
1514 126
1514 266
1514 410
1514 506
1515 126
1515 267
1515 411
1515 507
1516 126
1516 268
1516 412
1516 508
1517 126
1517 269
1517 413
1517 509
1518 126
1518 270
1518 414
1518 510
1519 126
1519 271
1519 415
1519 511
1520 126
1520 272
1520 416
1520 512
1521 126
1521 273
1521 417
1521 513
1522 126
1522 274
1522 418
1522 514
1523 126
1523 275
1523 419
1523 515
1524 127
1524 264
1524 408
1524 516
1525 127
1525 265
1525 409
1525 517
1526 127
1526 266
1526 410
1526 518
1527 127
1527 267
1527 411
1527 519
1528 127
1528 268
1528 412
1528 520
1529 127
1529 269
1529 413
1529 521
1530 127
1530 270
1530 414
1530 522
1531 127
1531 271
1531 415
1531 523
1532 127
1532 272
1532 416
1532 524
1533 127
1533 273
1533 417
1533 525
1534 127
1534 274
1534 418
1534 526
1535 127
1535 275
1535 419
1535 527
1536 128
1536 264
1536 408
1536 528
1537 128
1537 265
1537 409
1537 529
1538 128
1538 266
1538 410
1538 530
1539 128
1539 267
1539 411
1539 531
1540 128
1540 268
1540 412
1540 532
1541 128
1541 269
1541 413
1541 533
1542 128
1542 270
1542 414
1542 534
1543 128
1543 271
1543 415
1543 535
1544 128
1544 272
1544 416
1544 536
1545 128
1545 273
1545 417
1545 537
1546 128
1546 274
1546 418
1546 538
1547 128
1547 275
1547 419
1547 539
1548 129
1548 276
1548 408
1548 540
1549 129
1549 277
1549 409
1549 541
1550 129
1550 278
1550 410
1550 542
1551 129
1551 279
1551 411
1551 543
1552 129
1552 280
1552 412
1552 544
1553 129
1553 281
1553 413
1553 545
1554 129
1554 282
1554 414
1554 546
1555 129
1555 283
1555 415
1555 547
1556 129
1556 284
1556 416
1556 548
1557 129
1557 285
1557 417
1557 549
1558 129
1558 286
1558 418
1558 550
1559 129
1559 287
1559 419
1559 551
1560 130
1560 276
1560 408
1560 552
1561 130
1561 277
1561 409
1561 553
1562 130
1562 278
1562 410
1562 554
1563 130
1563 279
1563 411
1563 555
1564 130
1564 280
1564 412
1564 556
1565 130
1565 281
1565 413
1565 557
1566 130
1566 282
1566 414
1566 558
1567 130
1567 283
1567 415
1567 559
1568 130
1568 284
1568 416
1568 560
1569 130
1569 285
1569 417
1569 561
1570 130
1570 286
1570 418
1570 562
1571 130
1571 287
1571 419
1571 563
1572 131
1572 276
1572 408
1572 564
1573 131
1573 277
1573 409
1573 565
1574 131
1574 278
1574 410
1574 566
1575 131
1575 279
1575 411
1575 567
1576 131
1576 280
1576 412
1576 568
1577 131
1577 281
1577 413
1577 569
1578 131
1578 282
1578 414
1578 570
1579 131
1579 283
1579 415
1579 571
1580 131
1580 284
1580 416
1580 572
1581 131
1581 285
1581 417
1581 573
1582 131
1582 286
1582 418
1582 574
1583 131
1583 287
1583 419
1583 575
1584 132
1584 240
1584 420
1584 432
1585 132
1585 241
1585 421
1585 433
1586 132
1586 242
1586 422
1586 434
1587 132
1587 243
1587 423
1587 435
1588 132
1588 244
1588 424
1588 436
1589 132
1589 245
1589 425
1589 437
1590 132
1590 246
1590 426
1590 438
1591 132
1591 247
1591 427
1591 439
1592 132
1592 248
1592 428
1592 440
1593 132
1593 249
1593 429
1593 441
1594 132
1594 250
1594 430
1594 442
1595 132
1595 251
1595 431
1595 443
1596 133
1596 240
1596 420
1596 444
1597 133
1597 241
1597 421
1597 445
1598 133
1598 242
1598 422
1598 446
1599 133
1599 243
1599 423
1599 447
1600 133
1600 244
1600 424
1600 448
1601 133
1601 245
1601 425
1601 449
1602 133
1602 246
1602 426
1602 450
1603 133
1603 247
1603 427
1603 451
1604 133
1604 248
1604 428
1604 452
1605 133
1605 249
1605 429
1605 453
1606 133
1606 250
1606 430
1606 454
1607 133
1607 251
1607 431
1607 455
1608 134
1608 240
1608 420
1608 456
1609 134
1609 241
1609 421
1609 457
1610 134
1610 242
1610 422
1610 458
1611 134
1611 243
1611 423
1611 459
1612 134
1612 244
1612 424
1612 460
1613 134
1613 245
1613 425
1613 461
1614 134
1614 246
1614 426
1614 462
1615 134
1615 247
1615 427
1615 463
1616 134
1616 248
1616 428
1616 464
1617 134
1617 249
1617 429
1617 465
1618 134
1618 250
1618 430
1618 466
1619 134
1619 251
1619 431
1619 467
1620 135
1620 252
1620 420
1620 468
1621 135
1621 253
1621 421
1621 469
1622 135
1622 254
1622 422
1622 470
1623 135
1623 255
1623 423
1623 471
1624 135
1624 256
1624 424
1624 472
1625 135
1625 257
1625 425
1625 473
1626 135
1626 258
1626 426
1626 474
1627 135
1627 259
1627 427
1627 475
1628 135
1628 260
1628 428
1628 476
1629 135
1629 261
1629 429
1629 477
1630 135
1630 262
1630 430
1630 478
1631 135
1631 263
1631 431
1631 479
1632 136
1632 252
1632 420
1632 480
1633 136
1633 253
1633 421
1633 481
1634 136
1634 254
1634 422
1634 482
1635 136
1635 255
1635 423
1635 483
1636 136
1636 256
1636 424
1636 484
1637 136
1637 257
1637 425
1637 485
1638 136
1638 258
1638 426
1638 486
1639 136
1639 259
1639 427
1639 487
1640 136
1640 260
1640 428
1640 488
1641 136
1641 261
1641 429
1641 489
1642 136
1642 262
1642 430
1642 490
1643 136
1643 263
1643 431
1643 491
1644 137
1644 252
1644 420
1644 492
1645 137
1645 253
1645 421
1645 493
1646 137
1646 254
1646 422
1646 494
1647 137
1647 255
1647 423
1647 495
1648 137
1648 256
1648 424
1648 496
1649 137
1649 257
1649 425
1649 497
1650 137
1650 258
1650 426
1650 498
1651 137
1651 259
1651 427
1651 499
1652 137
1652 260
1652 428
1652 500
1653 137
1653 261
1653 429
1653 501
1654 137
1654 262
1654 430
1654 502
1655 137
1655 263
1655 431
1655 503
1656 138
1656 264
1656 420
1656 504
1657 138
1657 265
1657 421
1657 505
1658 138
1658 266
1658 422
1658 506
1659 138
1659 267
1659 423
1659 507
1660 138
1660 268
1660 424
1660 508
1661 138
1661 269
1661 425
1661 509
1662 138
1662 270
1662 426
1662 510
1663 138
1663 271
1663 427
1663 511
1664 138
1664 272
1664 428
1664 512
1665 138
1665 273
1665 429
1665 513
1666 138
1666 274
1666 430
1666 514
1667 138
1667 275
1667 431
1667 515
1668 139
1668 264
1668 420
1668 516
1669 139
1669 265
1669 421
1669 517
1670 139
1670 266
1670 422
1670 518
1671 139
1671 267
1671 423
1671 519
1672 139
1672 268
1672 424
1672 520
1673 139
1673 269
1673 425
1673 521
1674 139
1674 270
1674 426
1674 522
1675 139
1675 271
1675 427
1675 523
1676 139
1676 272
1676 428
1676 524
1677 139
1677 273
1677 429
1677 525
1678 139
1678 274
1678 430
1678 526
1679 139
1679 275
1679 431
1679 527
1680 140
1680 264
1680 420
1680 528
1681 140
1681 265
1681 421
1681 529
1682 140
1682 266
1682 422
1682 530
1683 140
1683 267
1683 423
1683 531
1684 140
1684 268
1684 424
1684 532
1685 140
1685 269
1685 425
1685 533
1686 140
1686 270
1686 426
1686 534
1687 140
1687 271
1687 427
1687 535
1688 140
1688 272
1688 428
1688 536
1689 140
1689 273
1689 429
1689 537
1690 140
1690 274
1690 430
1690 538
1691 140
1691 275
1691 431
1691 539
1692 141
1692 276
1692 420
1692 540
1693 141
1693 277
1693 421
1693 541
1694 141
1694 278
1694 422
1694 542
1695 141
1695 279
1695 423
1695 543
1696 141
1696 280
1696 424
1696 544
1697 141
1697 281
1697 425
1697 545
1698 141
1698 282
1698 426
1698 546
1699 141
1699 283
1699 427
1699 547
1700 141
1700 284
1700 428
1700 548
1701 141
1701 285
1701 429
1701 549
1702 141
1702 286
1702 430
1702 550
1703 141
1703 287
1703 431
1703 551
1704 142
1704 276
1704 420
1704 552
1705 142
1705 277
1705 421
1705 553
1706 142
1706 278
1706 422
1706 554
1707 142
1707 279
1707 423
1707 555
1708 142
1708 280
1708 424
1708 556
1709 142
1709 281
1709 425
1709 557
1710 142
1710 282
1710 426
1710 558
1711 142
1711 283
1711 427
1711 559
1712 142
1712 284
1712 428
1712 560
1713 142
1713 285
1713 429
1713 561
1714 142
1714 286
1714 430
1714 562
1715 142
1715 287
1715 431
1715 563
1716 143
1716 276
1716 420
1716 564
1717 143
1717 277
1717 421
1717 565
1718 143
1718 278
1718 422
1718 566
1719 143
1719 279
1719 423
1719 567
1720 143
1720 280
1720 424
1720 568
1721 143
1721 281
1721 425
1721 569
1722 143
1722 282
1722 426
1722 570
1723 143
1723 283
1723 427
1723 571
1724 143
1724 284
1724 428
1724 572
1725 143
1725 285
1725 429
1725 573
1726 143
1726 286
1726 430
1726 574
1727 143
1727 287
1727 431
1727 575
