0 0
0 36
0 72
0 108
1 0
1 37
1 73
1 109
2 0
2 38
2 74
2 110
3 0
3 39
3 75
3 111
4 0
4 40
4 76
4 112
5 0
5 41
5 77
5 113
6 1
6 36
6 72
6 114
7 1
7 37
7 73
7 115
8 1
8 38
8 74
8 116
9 1
9 39
9 75
9 117
10 1
10 40
10 76
10 118
11 1
11 41
11 77
11 119
12 2
12 36
12 72
12 120
13 2
13 37
13 73
13 121
14 2
14 38
14 74
14 122
15 2
15 39
15 75
15 123
16 2
16 40
16 76
16 124
17 2
17 41
17 77
17 125
18 3
18 42
18 72
18 126
19 3
19 43
19 73
19 127
20 3
20 44
20 74
20 128
21 3
21 45
21 75
21 129
22 3
22 46
22 76
22 130
23 3
23 47
23 77
23 131
24 4
24 42
24 72
24 132
25 4
25 43
25 73
25 133
26 4
26 44
26 74
26 134
27 4
27 45
27 75
27 135
28 4
28 46
28 76
28 136
29 4
29 47
29 77
29 137
30 5
30 42
30 72
30 138
31 5
31 43
31 73
31 139
32 5
32 44
32 74
32 140
33 5
33 45
33 75
33 141
34 5
34 46
34 76
34 142
35 5
35 47
35 77
35 143
36 6
36 36
36 78
36 108
37 6
37 37
37 79
37 109
38 6
38 38
38 80
38 110
39 6
39 39
39 81
39 111
40 6
40 40
40 82
40 112
41 6
41 41
41 83
41 113
42 7
42 36
42 78
42 114
43 7
43 37
43 79
43 115
44 7
44 38
44 80
44 116
45 7
45 39
45 81
45 117
46 7
46 40
46 82
46 118
47 7
47 41
47 83
47 119
48 8
48 36
48 78
48 120
49 8
49 37
49 79
49 121
50 8
50 38
50 80
50 122
51 8
51 39
51 81
51 123
52 8
52 40
52 82
52 124
53 8
53 41
53 83
53 125
54 9
54 42
54 78
54 126
55 9
55 43
55 79
55 127
56 9
56 44
56 80
56 128
57 9
57 45
57 81
57 129
58 9
58 46
58 82
58 130
59 9
59 47
59 83
59 131
60 10
60 42
60 78
60 132
61 10
61 43
61 79
61 133
62 10
62 44
62 80
62 134
63 10
63 45
63 81
63 135
64 10
64 46
64 82
64 136
65 10
65 47
65 83
65 137
66 11
66 42
66 78
66 138
67 11
67 43
67 79
67 139
68 11
68 44
68 80
68 140
69 11
69 45
69 81
69 141
70 11
70 46
70 82
70 142
71 11
71 47
71 83
71 143
72 12
72 48
72 84
72 108
73 12
73 49
73 85
73 109
74 12
74 50
74 86
74 110
75 12
75 51
75 87
75 111
76 12
76 52
76 88
76 112
77 12
77 53
77 89
77 113
78 13
78 48
78 84
78 114
79 13
79 49
79 85
79 115
80 13
80 50
80 86
80 116
81 13
81 51
81 87
81 117
82 13
82 52
82 88
82 118
83 13
83 53
83 89
83 119
84 14
84 48
84 84
84 120
85 14
85 49
85 85
85 121
86 14
86 50
86 86
86 122
87 14
87 51
87 87
87 123
88 14
88 52
88 88
88 124
89 14
89 53
89 89
89 125
90 15
90 54
90 84
90 126
91 15
91 55
91 85
91 127
92 15
92 56
92 86
92 128
93 15
93 57
93 87
93 129
94 15
94 58
94 88
94 130
95 15
95 59
95 89
95 131
96 16
96 54
96 84
96 132
97 16
97 55
97 85
97 133
98 16
98 56
98 86
98 134
99 16
99 57
99 87
99 135
100 16
100 58
100 88
100 136
101 16
101 59
101 89
101 137
102 17
102 54
102 84
102 138
103 17
103 55
103 85
103 139
104 17
104 56
104 86
104 140
105 17
105 57
105 87
105 141
106 17
106 58
106 88
106 142
107 17
107 59
107 89
107 143
108 18
108 48
108 90
108 108
109 18
109 49
109 91
109 109
110 18
110 50
110 92
110 110
111 18
111 51
111 93
111 111
112 18
112 52
112 94
112 112
113 18
113 53
113 95
113 113
114 19
114 48
114 90
114 114
115 19
115 49
115 91
115 115
116 19
116 50
116 92
116 116
117 19
117 51
117 93
117 117
118 19
118 52
118 94
118 118
119 19
119 53
119 95
119 119
120 20
120 48
120 90
120 120
121 20
121 49
121 91
121 121
122 20
122 50
122 92
122 122
123 20
123 51
123 93
123 123
124 20
124 52
124 94
124 124
125 20
125 53
125 95
125 125
126 21
126 54
126 90
126 126
127 21
127 55
127 91
127 127
128 21
128 56
128 92
128 128
129 21
129 57
129 93
129 129
130 21
130 58
130 94
130 130
131 21
131 59
131 95
131 131
132 22
132 54
132 90
132 132
133 22
133 55
133 91
133 133
134 22
134 56
134 92
134 134
135 22
135 57
135 93
135 135
136 22
136 58
136 94
136 136
137 22
137 59
137 95
137 137
138 23
138 54
138 90
138 138
139 23
139 55
139 91
139 139
140 23
140 56
140 92
140 140
141 23
141 57
141 93
141 141
142 23
142 58
142 94
142 142
143 23
143 59
143 95
143 143
144 24
144 60
144 96
144 108
145 24
145 61
145 97
145 109
146 24
146 62
146 98
146 110
147 24
147 63
147 99
147 111
148 24
148 64
148 100
148 112
149 24
149 65
149 101
149 113
150 25
150 60
150 96
150 114
151 25
151 61
151 97
151 115
152 25
152 62
152 98
152 116
153 25
153 63
153 99
153 117
154 25
154 64
154 100
154 118
155 25
155 65
155 101
155 119
156 26
156 60
156 96
156 120
157 26
157 61
157 97
157 121
158 26
158 62
158 98
158 122
159 26
159 63
159 99
159 123
160 26
160 64
160 100
160 124
161 26
161 65
161 101
161 125
162 27
162 66
162 96
162 126
163 27
163 67
163 97
163 127
164 27
164 68
164 98
164 128
165 27
165 69
165 99
165 129
166 27
166 70
166 100
166 130
167 27
167 71
167 101
167 131
168 28
168 66
168 96
168 132
169 28
169 67
169 97
169 133
170 28
170 68
170 98
170 134
171 28
171 69
171 99
171 135
172 28
172 70
172 100
172 136
173 28
173 71
173 101
173 137
174 29
174 66
174 96
174 138
175 29
175 67
175 97
175 139
176 29
176 68
176 98
176 140
177 29
177 69
177 99
177 141
178 29
178 70
178 100
178 142
179 29
179 71
179 101
179 143
180 30
180 60
180 102
180 108
181 30
181 61
181 103
181 109
182 30
182 62
182 104
182 110
183 30
183 63
183 105
183 111
184 30
184 64
184 106
184 112
185 30
185 65
185 107
185 113
186 31
186 60
186 102
186 114
187 31
187 61
187 103
187 115
188 31
188 62
188 104
188 116
189 31
189 63
189 105
189 117
190 31
190 64
190 106
190 118
191 31
191 65
191 107
191 119
192 32
192 60
192 102
192 120
193 32
193 61
193 103
193 121
194 32
194 62
194 104
194 122
195 32
195 63
195 105
195 123
196 32
196 64
196 106
196 124
197 32
197 65
197 107
197 125
198 33
198 66
198 102
198 126
199 33
199 67
199 103
199 127
200 33
200 68
200 104
200 128
201 33
201 69
201 105
201 129
202 33
202 70
202 106
202 130
203 33
203 71
203 107
203 131
204 34
204 66
204 102
204 132
205 34
205 67
205 103
205 133
206 34
206 68
206 104
206 134
207 34
207 69
207 105
207 135
208 34
208 70
208 106
208 136
209 34
209 71
209 107
209 137
210 35
210 66
210 102
210 138
211 35
211 67
211 103
211 139
212 35
212 68
212 104
212 140
213 35
213 69
213 105
213 141
214 35
214 70
214 106
214 142
215 35
215 71
215 107
215 143
