0 0
0 81
0 162
0 243
1 0
1 82
1 163
1 244
2 0
2 83
2 164
2 245
3 0
3 84
3 165
3 246
4 0
4 85
4 166
4 247
5 0
5 86
5 167
5 248
6 0
6 87
6 168
6 249
7 0
7 88
7 169
7 250
8 0
8 89
8 170
8 251
9 1
9 81
9 162
9 252
10 1
10 82
10 163
10 253
11 1
11 83
11 164
11 254
12 1
12 84
12 165
12 255
13 1
13 85
13 166
13 256
14 1
14 86
14 167
14 257
15 1
15 87
15 168
15 258
16 1
16 88
16 169
16 259
17 1
17 89
17 170
17 260
18 2
18 81
18 162
18 261
19 2
19 82
19 163
19 262
20 2
20 83
20 164
20 263
21 2
21 84
21 165
21 264
22 2
22 85
22 166
22 265
23 2
23 86
23 167
23 266
24 2
24 87
24 168
24 267
25 2
25 88
25 169
25 268
26 2
26 89
26 170
26 269
27 3
27 90
27 162
27 270
28 3
28 91
28 163
28 271
29 3
29 92
29 164
29 272
30 3
30 93
30 165
30 273
31 3
31 94
31 166
31 274
32 3
32 95
32 167
32 275
33 3
33 96
33 168
33 276
34 3
34 97
34 169
34 277
35 3
35 98
35 170
35 278
36 4
36 90
36 162
36 279
37 4
37 91
37 163
37 280
38 4
38 92
38 164
38 281
39 4
39 93
39 165
39 282
40 4
40 94
40 166
40 283
41 4
41 95
41 167
41 284
42 4
42 96
42 168
42 285
43 4
43 97
43 169
43 286
44 4
44 98
44 170
44 287
45 5
45 90
45 162
45 288
46 5
46 91
46 163
46 289
47 5
47 92
47 164
47 290
48 5
48 93
48 165
48 291
49 5
49 94
49 166
49 292
50 5
50 95
50 167
50 293
51 5
51 96
51 168
51 294
52 5
52 97
52 169
52 295
53 5
53 98
53 170
53 296
54 6
54 99
54 162
54 297
55 6
55 100
55 163
55 298
56 6
56 101
56 164
56 299
57 6
57 102
57 165
57 300
58 6
58 103
58 166
58 301
59 6
59 104
59 167
59 302
60 6
60 105
60 168
60 303
61 6
61 106
61 169
61 304
62 6
62 107
62 170
62 305
63 7
63 99
63 162
63 306
64 7
64 100
64 163
64 307
65 7
65 101
65 164
65 308
66 7
66 102
66 165
66 309
67 7
67 103
67 166
67 310
68 7
68 104
68 167
68 311
69 7
69 105
69 168
69 312
70 7
70 106
70 169
70 313
71 7
71 107
71 170
71 314
72 8
72 99
72 162
72 315
73 8
73 100
73 163
73 316
74 8
74 101
74 164
74 317
75 8
75 102
75 165
75 318
76 8
76 103
76 166
76 319
77 8
77 104
77 167
77 320
78 8
78 105
78 168
78 321
79 8
79 106
79 169
79 322
80 8
80 107
80 170
80 323
81 9
81 81
81 171
81 243
82 9
82 82
82 172
82 244
83 9
83 83
83 173
83 245
84 9
84 84
84 174
84 246
85 9
85 85
85 175
85 247
86 9
86 86
86 176
86 248
87 9
87 87
87 177
87 249
88 9
88 88
88 178
88 250
89 9
89 89
89 179
89 251
90 10
90 81
90 171
90 252
91 10
91 82
91 172
91 253
92 10
92 83
92 173
92 254
93 10
93 84
93 174
93 255
94 10
94 85
94 175
94 256
95 10
95 86
95 176
95 257
96 10
96 87
96 177
96 258
97 10
97 88
97 178
97 259
98 10
98 89
98 179
98 260
99 11
99 81
99 171
99 261
100 11
100 82
100 172
100 262
101 11
101 83
101 173
101 263
102 11
102 84
102 174
102 264
103 11
103 85
103 175
103 265
104 11
104 86
104 176
104 266
105 11
105 87
105 177
105 267
106 11
106 88
106 178
106 268
107 11
107 89
107 179
107 269
108 12
108 90
108 171
108 270
109 12
109 91
109 172
109 271
110 12
110 92
110 173
110 272
111 12
111 93
111 174
111 273
112 12
112 94
112 175
112 274
113 12
113 95
113 176
113 275
114 12
114 96
114 177
114 276
115 12
115 97
115 178
115 277
116 12
116 98
116 179
116 278
117 13
117 90
117 171
117 279
118 13
118 91
118 172
118 280
119 13
119 92
119 173
119 281
120 13
120 93
120 174
120 282
121 13
121 94
121 175
121 283
122 13
122 95
122 176
122 284
123 13
123 96
123 177
123 285
124 13
124 97
124 178
124 286
125 13
125 98
125 179
125 287
126 14
126 90
126 171
126 288
127 14
127 91
127 172
127 289
128 14
128 92
128 173
128 290
129 14
129 93
129 174
129 291
130 14
130 94
130 175
130 292
131 14
131 95
131 176
131 293
132 14
132 96
132 177
132 294
133 14
133 97
133 178
133 295
134 14
134 98
134 179
134 296
135 15
135 99
135 171
135 297
136 15
136 100
136 172
136 298
137 15
137 101
137 173
137 299
138 15
138 102
138 174
138 300
139 15
139 103
139 175
139 301
140 15
140 104
140 176
140 302
141 15
141 105
141 177
141 303
142 15
142 106
142 178
142 304
143 15
143 107
143 179
143 305
144 16
144 99
144 171
144 306
145 16
145 100
145 172
145 307
146 16
146 101
146 173
146 308
147 16
147 102
147 174
147 309
148 16
148 103
148 175
148 310
149 16
149 104
149 176
149 311
150 16
150 105
150 177
150 312
151 16
151 106
151 178
151 313
152 16
152 107
152 179
152 314
153 17
153 99
153 171
153 315
154 17
154 100
154 172
154 316
155 17
155 101
155 173
155 317
156 17
156 102
156 174
156 318
157 17
157 103
157 175
157 319
158 17
158 104
158 176
158 320
159 17
159 105
159 177
159 321
160 17
160 106
160 178
160 322
161 17
161 107
161 179
161 323
162 18
162 81
162 180
162 243
163 18
163 82
163 181
163 244
164 18
164 83
164 182
164 245
165 18
165 84
165 183
165 246
166 18
166 85
166 184
166 247
167 18
167 86
167 185
167 248
168 18
168 87
168 186
168 249
169 18
169 88
169 187
169 250
170 18
170 89
170 188
170 251
171 19
171 81
171 180
171 252
172 19
172 82
172 181
172 253
173 19
173 83
173 182
173 254
174 19
174 84
174 183
174 255
175 19
175 85
175 184
175 256
176 19
176 86
176 185
176 257
177 19
177 87
177 186
177 258
178 19
178 88
178 187
178 259
179 19
179 89
179 188
179 260
180 20
180 81
180 180
180 261
181 20
181 82
181 181
181 262
182 20
182 83
182 182
182 263
183 20
183 84
183 183
183 264
184 20
184 85
184 184
184 265
185 20
185 86
185 185
185 266
186 20
186 87
186 186
186 267
187 20
187 88
187 187
187 268
188 20
188 89
188 188
188 269
189 21
189 90
189 180
189 270
190 21
190 91
190 181
190 271
191 21
191 92
191 182
191 272
192 21
192 93
192 183
192 273
193 21
193 94
193 184
193 274
194 21
194 95
194 185
194 275
195 21
195 96
195 186
195 276
196 21
196 97
196 187
196 277
197 21
197 98
197 188
197 278
198 22
198 90
198 180
198 279
199 22
199 91
199 181
199 280
200 22
200 92
200 182
200 281
201 22
201 93
201 183
201 282
202 22
202 94
202 184
202 283
203 22
203 95
203 185
203 284
204 22
204 96
204 186
204 285
205 22
205 97
205 187
205 286
206 22
206 98
206 188
206 287
207 23
207 90
207 180
207 288
208 23
208 91
208 181
208 289
209 23
209 92
209 182
209 290
210 23
210 93
210 183
210 291
211 23
211 94
211 184
211 292
212 23
212 95
212 185
212 293
213 23
213 96
213 186
213 294
214 23
214 97
214 187
214 295
215 23
215 98
215 188
215 296
216 24
216 99
216 180
216 297
217 24
217 100
217 181
217 298
218 24
218 101
218 182
218 299
219 24
219 102
219 183
219 300
220 24
220 103
220 184
220 301
221 24
221 104
221 185
221 302
222 24
222 105
222 186
222 303
223 24
223 106
223 187
223 304
224 24
224 107
224 188
224 305
225 25
225 99
225 180
225 306
226 25
226 100
226 181
226 307
227 25
227 101
227 182
227 308
228 25
228 102
228 183
228 309
229 25
229 103
229 184
229 310
230 25
230 104
230 185
230 311
231 25
231 105
231 186
231 312
232 25
232 106
232 187
232 313
233 25
233 107
233 188
233 314
234 26
234 99
234 180
234 315
235 26
235 100
235 181
235 316
236 26
236 101
236 182
236 317
237 26
237 102
237 183
237 318
238 26
238 103
238 184
238 319
239 26
239 104
239 185
239 320
240 26
240 105
240 186
240 321
241 26
241 106
241 187
241 322
242 26
242 107
242 188
242 323
243 27
243 108
243 189
243 243
244 27
244 109
244 190
244 244
245 27
245 110
245 191
245 245
246 27
246 111
246 192
246 246
247 27
247 112
247 193
247 247
248 27
248 113
248 194
248 248
249 27
249 114
249 195
249 249
250 27
250 115
250 196
250 250
251 27
251 116
251 197
251 251
252 28
252 108
252 189
252 252
253 28
253 109
253 190
253 253
254 28
254 110
254 191
254 254
255 28
255 111
255 192
255 255
256 28
256 112
256 193
256 256
257 28
257 113
257 194
257 257
258 28
258 114
258 195
258 258
259 28
259 115
259 196
259 259
260 28
260 116
260 197
260 260
261 29
261 108
261 189
261 261
262 29
262 109
262 190
262 262
263 29
263 110
263 191
263 263
264 29
264 111
264 192
264 264
265 29
265 112
265 193
265 265
266 29
266 113
266 194
266 266
267 29
267 114
267 195
267 267
268 29
268 115
268 196
268 268
269 29
269 116
269 197
269 269
270 30
270 117
270 189
270 270
271 30
271 118
271 190
271 271
272 30
272 119
272 191
272 272
273 30
273 120
273 192
273 273
274 30
274 121
274 193
274 274
275 30
275 122
275 194
275 275
276 30
276 123
276 195
276 276
277 30
277 124
277 196
277 277
278 30
278 125
278 197
278 278
279 31
279 117
279 189
279 279
280 31
280 118
280 190
280 280
281 31
281 119
281 191
281 281
282 31
282 120
282 192
282 282
283 31
283 121
283 193
283 283
284 31
284 122
284 194
284 284
285 31
285 123
285 195
285 285
286 31
286 124
286 196
286 286
287 31
287 125
287 197
287 287
288 32
288 117
288 189
288 288
289 32
289 118
289 190
289 289
290 32
290 119
290 191
290 290
291 32
291 120
291 192
291 291
292 32
292 121
292 193
292 292
293 32
293 122
293 194
293 293
294 32
294 123
294 195
294 294
295 32
295 124
295 196
295 295
296 32
296 125
296 197
296 296
297 33
297 126
297 189
297 297
298 33
298 127
298 190
298 298
299 33
299 128
299 191
299 299
300 33
300 129
300 192
300 300
301 33
301 130
301 193
301 301
302 33
302 131
302 194
302 302
303 33
303 132
303 195
303 303
304 33
304 133
304 196
304 304
305 33
305 134
305 197
305 305
306 34
306 126
306 189
306 306
307 34
307 127
307 190
307 307
308 34
308 128
308 191
308 308
309 34
309 129
309 192
309 309
310 34
310 130
310 193
310 310
311 34
311 131
311 194
311 311
312 34
312 132
312 195
312 312
313 34
313 133
313 196
313 313
314 34
314 134
314 197
314 314
315 35
315 126
315 189
315 315
316 35
316 127
316 190
316 316
317 35
317 128
317 191
317 317
318 35
318 129
318 192
318 318
319 35
319 130
319 193
319 319
320 35
320 131
320 194
320 320
321 35
321 132
321 195
321 321
322 35
322 133
322 196
322 322
323 35
323 134
323 197
323 323
324 36
324 108
324 198
324 243
325 36
325 109
325 199
325 244
326 36
326 110
326 200
326 245
327 36
327 111
327 201
327 246
328 36
328 112
328 202
328 247
329 36
329 113
329 203
329 248
330 36
330 114
330 204
330 249
331 36
331 115
331 205
331 250
332 36
332 116
332 206
332 251
333 37
333 108
333 198
333 252
334 37
334 109
334 199
334 253
335 37
335 110
335 200
335 254
336 37
336 111
336 201
336 255
337 37
337 112
337 202
337 256
338 37
338 113
338 203
338 257
339 37
339 114
339 204
339 258
340 37
340 115
340 205
340 259
341 37
341 116
341 206
341 260
342 38
342 108
342 198
342 261
343 38
343 109
343 199
343 262
344 38
344 110
344 200
344 263
345 38
345 111
345 201
345 264
346 38
346 112
346 202
346 265
347 38
347 113
347 203
347 266
348 38
348 114
348 204
348 267
349 38
349 115
349 205
349 268
350 38
350 116
350 206
350 269
351 39
351 117
351 198
351 270
352 39
352 118
352 199
352 271
353 39
353 119
353 200
353 272
354 39
354 120
354 201
354 273
355 39
355 121
355 202
355 274
356 39
356 122
356 203
356 275
357 39
357 123
357 204
357 276
358 39
358 124
358 205
358 277
359 39
359 125
359 206
359 278
360 40
360 117
360 198
360 279
361 40
361 118
361 199
361 280
362 40
362 119
362 200
362 281
363 40
363 120
363 201
363 282
364 40
364 121
364 202
364 283
365 40
365 122
365 203
365 284
366 40
366 123
366 204
366 285
367 40
367 124
367 205
367 286
368 40
368 125
368 206
368 287
369 41
369 117
369 198
369 288
370 41
370 118
370 199
370 289
371 41
371 119
371 200
371 290
372 41
372 120
372 201
372 291
373 41
373 121
373 202
373 292
374 41
374 122
374 203
374 293
375 41
375 123
375 204
375 294
376 41
376 124
376 205
376 295
377 41
377 125
377 206
377 296
378 42
378 126
378 198
378 297
379 42
379 127
379 199
379 298
380 42
380 128
380 200
380 299
381 42
381 129
381 201
381 300
382 42
382 130
382 202
382 301
383 42
383 131
383 203
383 302
384 42
384 132
384 204
384 303
385 42
385 133
385 205
385 304
386 42
386 134
386 206
386 305
387 43
387 126
387 198
387 306
388 43
388 127
388 199
388 307
389 43
389 128
389 200
389 308
390 43
390 129
390 201
390 309
391 43
391 130
391 202
391 310
392 43
392 131
392 203
392 311
393 43
393 132
393 204
393 312
394 43
394 133
394 205
394 313
395 43
395 134
395 206
395 314
396 44
396 126
396 198
396 315
397 44
397 127
397 199
397 316
398 44
398 128
398 200
398 317
399 44
399 129
399 201
399 318
400 44
400 130
400 202
400 319
401 44
401 131
401 203
401 320
402 44
402 132
402 204
402 321
403 44
403 133
403 205
403 322
404 44
404 134
404 206
404 323
405 45
405 108
405 207
405 243
406 45
406 109
406 208
406 244
407 45
407 110
407 209
407 245
408 45
408 111
408 210
408 246
409 45
409 112
409 211
409 247
410 45
410 113
410 212
410 248
411 45
411 114
411 213
411 249
412 45
412 115
412 214
412 250
413 45
413 116
413 215
413 251
414 46
414 108
414 207
414 252
415 46
415 109
415 208
415 253
416 46
416 110
416 209
416 254
417 46
417 111
417 210
417 255
418 46
418 112
418 211
418 256
419 46
419 113
419 212
419 257
420 46
420 114
420 213
420 258
421 46
421 115
421 214
421 259
422 46
422 116
422 215
422 260
423 47
423 108
423 207
423 261
424 47
424 109
424 208
424 262
425 47
425 110
425 209
425 263
426 47
426 111
426 210
426 264
427 47
427 112
427 211
427 265
428 47
428 113
428 212
428 266
429 47
429 114
429 213
429 267
430 47
430 115
430 214
430 268
431 47
431 116
431 215
431 269
432 48
432 117
432 207
432 270
433 48
433 118
433 208
433 271
434 48
434 119
434 209
434 272
435 48
435 120
435 210
435 273
436 48
436 121
436 211
436 274
437 48
437 122
437 212
437 275
438 48
438 123
438 213
438 276
439 48
439 124
439 214
439 277
440 48
440 125
440 215
440 278
441 49
441 117
441 207
441 279
442 49
442 118
442 208
442 280
443 49
443 119
443 209
443 281
444 49
444 120
444 210
444 282
445 49
445 121
445 211
445 283
446 49
446 122
446 212
446 284
447 49
447 123
447 213
447 285
448 49
448 124
448 214
448 286
449 49
449 125
449 215
449 287
450 50
450 117
450 207
450 288
451 50
451 118
451 208
451 289
452 50
452 119
452 209
452 290
453 50
453 120
453 210
453 291
454 50
454 121
454 211
454 292
455 50
455 122
455 212
455 293
456 50
456 123
456 213
456 294
457 50
457 124
457 214
457 295
458 50
458 125
458 215
458 296
459 51
459 126
459 207
459 297
460 51
460 127
460 208
460 298
461 51
461 128
461 209
461 299
462 51
462 129
462 210
462 300
463 51
463 130
463 211
463 301
464 51
464 131
464 212
464 302
465 51
465 132
465 213
465 303
466 51
466 133
466 214
466 304
467 51
467 134
467 215
467 305
468 52
468 126
468 207
468 306
469 52
469 127
469 208
469 307
470 52
470 128
470 209
470 308
471 52
471 129
471 210
471 309
472 52
472 130
472 211
472 310
473 52
473 131
473 212
473 311
474 52
474 132
474 213
474 312
475 52
475 133
475 214
475 313
476 52
476 134
476 215
476 314
477 53
477 126
477 207
477 315
478 53
478 127
478 208
478 316
479 53
479 128
479 209
479 317
480 53
480 129
480 210
480 318
481 53
481 130
481 211
481 319
482 53
482 131
482 212
482 320
483 53
483 132
483 213
483 321
484 53
484 133
484 214
484 322
485 53
485 134
485 215
485 323
486 54
486 135
486 216
486 243
487 54
487 136
487 217
487 244
488 54
488 137
488 218
488 245
489 54
489 138
489 219
489 246
490 54
490 139
490 220
490 247
491 54
491 140
491 221
491 248
492 54
492 141
492 222
492 249
493 54
493 142
493 223
493 250
494 54
494 143
494 224
494 251
495 55
495 135
495 216
495 252
496 55
496 136
496 217
496 253
497 55
497 137
497 218
497 254
498 55
498 138
498 219
498 255
499 55
499 139
499 220
499 256
500 55
500 140
500 221
500 257
501 55
501 141
501 222
501 258
502 55
502 142
502 223
502 259
503 55
503 143
503 224
503 260
504 56
504 135
504 216
504 261
505 56
505 136
505 217
505 262
506 56
506 137
506 218
506 263
507 56
507 138
507 219
507 264
508 56
508 139
508 220
508 265
509 56
509 140
509 221
509 266
510 56
510 141
510 222
510 267
511 56
511 142
511 223
511 268
512 56
512 143
512 224
512 269
513 57
513 144
513 216
513 270
514 57
514 145
514 217
514 271
515 57
515 146
515 218
515 272
516 57
516 147
516 219
516 273
517 57
517 148
517 220
517 274
518 57
518 149
518 221
518 275
519 57
519 150
519 222
519 276
520 57
520 151
520 223
520 277
521 57
521 152
521 224
521 278
522 58
522 144
522 216
522 279
523 58
523 145
523 217
523 280
524 58
524 146
524 218
524 281
525 58
525 147
525 219
525 282
526 58
526 148
526 220
526 283
527 58
527 149
527 221
527 284
528 58
528 150
528 222
528 285
529 58
529 151
529 223
529 286
530 58
530 152
530 224
530 287
531 59
531 144
531 216
531 288
532 59
532 145
532 217
532 289
533 59
533 146
533 218
533 290
534 59
534 147
534 219
534 291
535 59
535 148
535 220
535 292
536 59
536 149
536 221
536 293
537 59
537 150
537 222
537 294
538 59
538 151
538 223
538 295
539 59
539 152
539 224
539 296
540 60
540 153
540 216
540 297
541 60
541 154
541 217
541 298
542 60
542 155
542 218
542 299
543 60
543 156
543 219
543 300
544 60
544 157
544 220
544 301
545 60
545 158
545 221
545 302
546 60
546 159
546 222
546 303
547 60
547 160
547 223
547 304
548 60
548 161
548 224
548 305
549 61
549 153
549 216
549 306
550 61
550 154
550 217
550 307
551 61
551 155
551 218
551 308
552 61
552 156
552 219
552 309
553 61
553 157
553 220
553 310
554 61
554 158
554 221
554 311
555 61
555 159
555 222
555 312
556 61
556 160
556 223
556 313
557 61
557 161
557 224
557 314
558 62
558 153
558 216
558 315
559 62
559 154
559 217
559 316
560 62
560 155
560 218
560 317
561 62
561 156
561 219
561 318
562 62
562 157
562 220
562 319
563 62
563 158
563 221
563 320
564 62
564 159
564 222
564 321
565 62
565 160
565 223
565 322
566 62
566 161
566 224
566 323
567 63
567 135
567 225
567 243
568 63
568 136
568 226
568 244
569 63
569 137
569 227
569 245
570 63
570 138
570 228
570 246
571 63
571 139
571 229
571 247
572 63
572 140
572 230
572 248
573 63
573 141
573 231
573 249
574 63
574 142
574 232
574 250
575 63
575 143
575 233
575 251
576 64
576 135
576 225
576 252
577 64
577 136
577 226
577 253
578 64
578 137
578 227
578 254
579 64
579 138
579 228
579 255
580 64
580 139
580 229
580 256
581 64
581 140
581 230
581 257
582 64
582 141
582 231
582 258
583 64
583 142
583 232
583 259
584 64
584 143
584 233
584 260
585 65
585 135
585 225
585 261
586 65
586 136
586 226
586 262
587 65
587 137
587 227
587 263
588 65
588 138
588 228
588 264
589 65
589 139
589 229
589 265
590 65
590 140
590 230
590 266
591 65
591 141
591 231
591 267
592 65
592 142
592 232
592 268
593 65
593 143
593 233
593 269
594 66
594 144
594 225
594 270
595 66
595 145
595 226
595 271
596 66
596 146
596 227
596 272
597 66
597 147
597 228
597 273
598 66
598 148
598 229
598 274
599 66
599 149
599 230
599 275
600 66
600 150
600 231
600 276
601 66
601 151
601 232
601 277
602 66
602 152
602 233
602 278
603 67
603 144
603 225
603 279
604 67
604 145
604 226
604 280
605 67
605 146
605 227
605 281
606 67
606 147
606 228
606 282
607 67
607 148
607 229
607 283
608 67
608 149
608 230
608 284
609 67
609 150
609 231
609 285
610 67
610 151
610 232
610 286
611 67
611 152
611 233
611 287
612 68
612 144
612 225
612 288
613 68
613 145
613 226
613 289
614 68
614 146
614 227
614 290
615 68
615 147
615 228
615 291
616 68
616 148
616 229
616 292
617 68
617 149
617 230
617 293
618 68
618 150
618 231
618 294
619 68
619 151
619 232
619 295
620 68
620 152
620 233
620 296
621 69
621 153
621 225
621 297
622 69
622 154
622 226
622 298
623 69
623 155
623 227
623 299
624 69
624 156
624 228
624 300
625 69
625 157
625 229
625 301
626 69
626 158
626 230
626 302
627 69
627 159
627 231
627 303
628 69
628 160
628 232
628 304
629 69
629 161
629 233
629 305
630 70
630 153
630 225
630 306
631 70
631 154
631 226
631 307
632 70
632 155
632 227
632 308
633 70
633 156
633 228
633 309
634 70
634 157
634 229
634 310
635 70
635 158
635 230
635 311
636 70
636 159
636 231
636 312
637 70
637 160
637 232
637 313
638 70
638 161
638 233
638 314
639 71
639 153
639 225
639 315
640 71
640 154
640 226
640 316
641 71
641 155
641 227
641 317
642 71
642 156
642 228
642 318
643 71
643 157
643 229
643 319
644 71
644 158
644 230
644 320
645 71
645 159
645 231
645 321
646 71
646 160
646 232
646 322
647 71
647 161
647 233
647 323
648 72
648 135
648 234
648 243
649 72
649 136
649 235
649 244
650 72
650 137
650 236
650 245
651 72
651 138
651 237
651 246
652 72
652 139
652 238
652 247
653 72
653 140
653 239
653 248
654 72
654 141
654 240
654 249
655 72
655 142
655 241
655 250
656 72
656 143
656 242
656 251
657 73
657 135
657 234
657 252
658 73
658 136
658 235
658 253
659 73
659 137
659 236
659 254
660 73
660 138
660 237
660 255
661 73
661 139
661 238
661 256
662 73
662 140
662 239
662 257
663 73
663 141
663 240
663 258
664 73
664 142
664 241
664 259
665 73
665 143
665 242
665 260
666 74
666 135
666 234
666 261
667 74
667 136
667 235
667 262
668 74
668 137
668 236
668 263
669 74
669 138
669 237
669 264
670 74
670 139
670 238
670 265
671 74
671 140
671 239
671 266
672 74
672 141
672 240
672 267
673 74
673 142
673 241
673 268
674 74
674 143
674 242
674 269
675 75
675 144
675 234
675 270
676 75
676 145
676 235
676 271
677 75
677 146
677 236
677 272
678 75
678 147
678 237
678 273
679 75
679 148
679 238
679 274
680 75
680 149
680 239
680 275
681 75
681 150
681 240
681 276
682 75
682 151
682 241
682 277
683 75
683 152
683 242
683 278
684 76
684 144
684 234
684 279
685 76
685 145
685 235
685 280
686 76
686 146
686 236
686 281
687 76
687 147
687 237
687 282
688 76
688 148
688 238
688 283
689 76
689 149
689 239
689 284
690 76
690 150
690 240
690 285
691 76
691 151
691 241
691 286
692 76
692 152
692 242
692 287
693 77
693 144
693 234
693 288
694 77
694 145
694 235
694 289
695 77
695 146
695 236
695 290
696 77
696 147
696 237
696 291
697 77
697 148
697 238
697 292
698 77
698 149
698 239
698 293
699 77
699 150
699 240
699 294
700 77
700 151
700 241
700 295
701 77
701 152
701 242
701 296
702 78
702 153
702 234
702 297
703 78
703 154
703 235
703 298
704 78
704 155
704 236
704 299
705 78
705 156
705 237
705 300
706 78
706 157
706 238
706 301
707 78
707 158
707 239
707 302
708 78
708 159
708 240
708 303
709 78
709 160
709 241
709 304
710 78
710 161
710 242
710 305
711 79
711 153
711 234
711 306
712 79
712 154
712 235
712 307
713 79
713 155
713 236
713 308
714 79
714 156
714 237
714 309
715 79
715 157
715 238
715 310
716 79
716 158
716 239
716 311
717 79
717 159
717 240
717 312
718 79
718 160
718 241
718 313
719 79
719 161
719 242
719 314
720 80
720 153
720 234
720 315
721 80
721 154
721 235
721 316
722 80
722 155
722 236
722 317
723 80
723 156
723 237
723 318
724 80
724 157
724 238
724 319
725 80
725 158
725 239
725 320
726 80
726 159
726 240
726 321
727 80
727 160
727 241
727 322
728 80
728 161
728 242
728 323
