0 0
0 64
0 128
0 192
1 0
1 65
1 129
1 193
2 0
2 66
2 130
2 194
3 0
3 67
3 131
3 195
4 0
4 68
4 132
4 196
5 0
5 69
5 133
5 197
6 0
6 70
6 134
6 198
7 0
7 71
7 135
7 199
8 1
8 64
8 128
8 200
9 1
9 65
9 129
9 201
10 1
10 66
10 130
10 202
11 1
11 67
11 131
11 203
12 1
12 68
12 132
12 204
13 1
13 69
13 133
13 205
14 1
14 70
14 134
14 206
15 1
15 71
15 135
15 207
16 2
16 64
16 128
16 208
17 2
17 65
17 129
17 209
18 2
18 66
18 130
18 210
19 2
19 67
19 131
19 211
20 2
20 68
20 132
20 212
21 2
21 69
21 133
21 213
22 2
22 70
22 134
22 214
23 2
23 71
23 135
23 215
24 3
24 64
24 128
24 216
25 3
25 65
25 129
25 217
26 3
26 66
26 130
26 218
27 3
27 67
27 131
27 219
28 3
28 68
28 132
28 220
29 3
29 69
29 133
29 221
30 3
30 70
30 134
30 222
31 3
31 71
31 135
31 223
32 4
32 72
32 128
32 224
33 4
33 73
33 129
33 225
34 4
34 74
34 130
34 226
35 4
35 75
35 131
35 227
36 4
36 76
36 132
36 228
37 4
37 77
37 133
37 229
38 4
38 78
38 134
38 230
39 4
39 79
39 135
39 231
40 5
40 72
40 128
40 232
41 5
41 73
41 129
41 233
42 5
42 74
42 130
42 234
43 5
43 75
43 131
43 235
44 5
44 76
44 132
44 236
45 5
45 77
45 133
45 237
46 5
46 78
46 134
46 238
47 5
47 79
47 135
47 239
48 6
48 72
48 128
48 240
49 6
49 73
49 129
49 241
50 6
50 74
50 130
50 242
51 6
51 75
51 131
51 243
52 6
52 76
52 132
52 244
53 6
53 77
53 133
53 245
54 6
54 78
54 134
54 246
55 6
55 79
55 135
55 247
56 7
56 72
56 128
56 248
57 7
57 73
57 129
57 249
58 7
58 74
58 130
58 250
59 7
59 75
59 131
59 251
60 7
60 76
60 132
60 252
61 7
61 77
61 133
61 253
62 7
62 78
62 134
62 254
63 7
63 79
63 135
63 255
64 8
64 64
64 136
64 192
65 8
65 65
65 137
65 193
66 8
66 66
66 138
66 194
67 8
67 67
67 139
67 195
68 8
68 68
68 140
68 196
69 8
69 69
69 141
69 197
70 8
70 70
70 142
70 198
71 8
71 71
71 143
71 199
72 9
72 64
72 136
72 200
73 9
73 65
73 137
73 201
74 9
74 66
74 138
74 202
75 9
75 67
75 139
75 203
76 9
76 68
76 140
76 204
77 9
77 69
77 141
77 205
78 9
78 70
78 142
78 206
79 9
79 71
79 143
79 207
80 10
80 64
80 136
80 208
81 10
81 65
81 137
81 209
82 10
82 66
82 138
82 210
83 10
83 67
83 139
83 211
84 10
84 68
84 140
84 212
85 10
85 69
85 141
85 213
86 10
86 70
86 142
86 214
87 10
87 71
87 143
87 215
88 11
88 64
88 136
88 216
89 11
89 65
89 137
89 217
90 11
90 66
90 138
90 218
91 11
91 67
91 139
91 219
92 11
92 68
92 140
92 220
93 11
93 69
93 141
93 221
94 11
94 70
94 142
94 222
95 11
95 71
95 143
95 223
96 12
96 72
96 136
96 224
97 12
97 73
97 137
97 225
98 12
98 74
98 138
98 226
99 12
99 75
99 139
99 227
100 12
100 76
100 140
100 228
101 12
101 77
101 141
101 229
102 12
102 78
102 142
102 230
103 12
103 79
103 143
103 231
104 13
104 72
104 136
104 232
105 13
105 73
105 137
105 233
106 13
106 74
106 138
106 234
107 13
107 75
107 139
107 235
108 13
108 76
108 140
108 236
109 13
109 77
109 141
109 237
110 13
110 78
110 142
110 238
111 13
111 79
111 143
111 239
112 14
112 72
112 136
112 240
113 14
113 73
113 137
113 241
114 14
114 74
114 138
114 242
115 14
115 75
115 139
115 243
116 14
116 76
116 140
116 244
117 14
117 77
117 141
117 245
118 14
118 78
118 142
118 246
119 14
119 79
119 143
119 247
120 15
120 72
120 136
120 248
121 15
121 73
121 137
121 249
122 15
122 74
122 138
122 250
123 15
123 75
123 139
123 251
124 15
124 76
124 140
124 252
125 15
125 77
125 141
125 253
126 15
126 78
126 142
126 254
127 15
127 79
127 143
127 255
128 16
128 80
128 144
128 192
129 16
129 81
129 145
129 193
130 16
130 82
130 146
130 194
131 16
131 83
131 147
131 195
132 16
132 84
132 148
132 196
133 16
133 85
133 149
133 197
134 16
134 86
134 150
134 198
135 16
135 87
135 151
135 199
136 17
136 80
136 144
136 200
137 17
137 81
137 145
137 201
138 17
138 82
138 146
138 202
139 17
139 83
139 147
139 203
140 17
140 84
140 148
140 204
141 17
141 85
141 149
141 205
142 17
142 86
142 150
142 206
143 17
143 87
143 151
143 207
144 18
144 80
144 144
144 208
145 18
145 81
145 145
145 209
146 18
146 82
146 146
146 210
147 18
147 83
147 147
147 211
148 18
148 84
148 148
148 212
149 18
149 85
149 149
149 213
150 18
150 86
150 150
150 214
151 18
151 87
151 151
151 215
152 19
152 80
152 144
152 216
153 19
153 81
153 145
153 217
154 19
154 82
154 146
154 218
155 19
155 83
155 147
155 219
156 19
156 84
156 148
156 220
157 19
157 85
157 149
157 221
158 19
158 86
158 150
158 222
159 19
159 87
159 151
159 223
160 20
160 88
160 144
160 224
161 20
161 89
161 145
161 225
162 20
162 90
162 146
162 226
163 20
163 91
163 147
163 227
164 20
164 92
164 148
164 228
165 20
165 93
165 149
165 229
166 20
166 94
166 150
166 230
167 20
167 95
167 151
167 231
168 21
168 88
168 144
168 232
169 21
169 89
169 145
169 233
170 21
170 90
170 146
170 234
171 21
171 91
171 147
171 235
172 21
172 92
172 148
172 236
173 21
173 93
173 149
173 237
174 21
174 94
174 150
174 238
175 21
175 95
175 151
175 239
176 22
176 88
176 144
176 240
177 22
177 89
177 145
177 241
178 22
178 90
178 146
178 242
179 22
179 91
179 147
179 243
180 22
180 92
180 148
180 244
181 22
181 93
181 149
181 245
182 22
182 94
182 150
182 246
183 22
183 95
183 151
183 247
184 23
184 88
184 144
184 248
185 23
185 89
185 145
185 249
186 23
186 90
186 146
186 250
187 23
187 91
187 147
187 251
188 23
188 92
188 148
188 252
189 23
189 93
189 149
189 253
190 23
190 94
190 150
190 254
191 23
191 95
191 151
191 255
192 24
192 80
192 152
192 192
193 24
193 81
193 153
193 193
194 24
194 82
194 154
194 194
195 24
195 83
195 155
195 195
196 24
196 84
196 156
196 196
197 24
197 85
197 157
197 197
198 24
198 86
198 158
198 198
199 24
199 87
199 159
199 199
200 25
200 80
200 152
200 200
201 25
201 81
201 153
201 201
202 25
202 82
202 154
202 202
203 25
203 83
203 155
203 203
204 25
204 84
204 156
204 204
205 25
205 85
205 157
205 205
206 25
206 86
206 158
206 206
207 25
207 87
207 159
207 207
208 26
208 80
208 152
208 208
209 26
209 81
209 153
209 209
210 26
210 82
210 154
210 210
211 26
211 83
211 155
211 211
212 26
212 84
212 156
212 212
213 26
213 85
213 157
213 213
214 26
214 86
214 158
214 214
215 26
215 87
215 159
215 215
216 27
216 80
216 152
216 216
217 27
217 81
217 153
217 217
218 27
218 82
218 154
218 218
219 27
219 83
219 155
219 219
220 27
220 84
220 156
220 220
221 27
221 85
221 157
221 221
222 27
222 86
222 158
222 222
223 27
223 87
223 159
223 223
224 28
224 88
224 152
224 224
225 28
225 89
225 153
225 225
226 28
226 90
226 154
226 226
227 28
227 91
227 155
227 227
228 28
228 92
228 156
228 228
229 28
229 93
229 157
229 229
230 28
230 94
230 158
230 230
231 28
231 95
231 159
231 231
232 29
232 88
232 152
232 232
233 29
233 89
233 153
233 233
234 29
234 90
234 154
234 234
235 29
235 91
235 155
235 235
236 29
236 92
236 156
236 236
237 29
237 93
237 157
237 237
238 29
238 94
238 158
238 238
239 29
239 95
239 159
239 239
240 30
240 88
240 152
240 240
241 30
241 89
241 153
241 241
242 30
242 90
242 154
242 242
243 30
243 91
243 155
243 243
244 30
244 92
244 156
244 244
245 30
245 93
245 157
245 245
246 30
246 94
246 158
246 246
247 30
247 95
247 159
247 247
248 31
248 88
248 152
248 248
249 31
249 89
249 153
249 249
250 31
250 90
250 154
250 250
251 31
251 91
251 155
251 251
252 31
252 92
252 156
252 252
253 31
253 93
253 157
253 253
254 31
254 94
254 158
254 254
255 31
255 95
255 159
255 255
256 32
256 96
256 160
256 192
257 32
257 97
257 161
257 193
258 32
258 98
258 162
258 194
259 32
259 99
259 163
259 195
260 32
260 100
260 164
260 196
261 32
261 101
261 165
261 197
262 32
262 102
262 166
262 198
263 32
263 103
263 167
263 199
264 33
264 96
264 160
264 200
265 33
265 97
265 161
265 201
266 33
266 98
266 162
266 202
267 33
267 99
267 163
267 203
268 33
268 100
268 164
268 204
269 33
269 101
269 165
269 205
270 33
270 102
270 166
270 206
271 33
271 103
271 167
271 207
272 34
272 96
272 160
272 208
273 34
273 97
273 161
273 209
274 34
274 98
274 162
274 210
275 34
275 99
275 163
275 211
276 34
276 100
276 164
276 212
277 34
277 101
277 165
277 213
278 34
278 102
278 166
278 214
279 34
279 103
279 167
279 215
280 35
280 96
280 160
280 216
281 35
281 97
281 161
281 217
282 35
282 98
282 162
282 218
283 35
283 99
283 163
283 219
284 35
284 100
284 164
284 220
285 35
285 101
285 165
285 221
286 35
286 102
286 166
286 222
287 35
287 103
287 167
287 223
288 36
288 104
288 160
288 224
289 36
289 105
289 161
289 225
290 36
290 106
290 162
290 226
291 36
291 107
291 163
291 227
292 36
292 108
292 164
292 228
293 36
293 109
293 165
293 229
294 36
294 110
294 166
294 230
295 36
295 111
295 167
295 231
296 37
296 104
296 160
296 232
297 37
297 105
297 161
297 233
298 37
298 106
298 162
298 234
299 37
299 107
299 163
299 235
300 37
300 108
300 164
300 236
301 37
301 109
301 165
301 237
302 37
302 110
302 166
302 238
303 37
303 111
303 167
303 239
304 38
304 104
304 160
304 240
305 38
305 105
305 161
305 241
306 38
306 106
306 162
306 242
307 38
307 107
307 163
307 243
308 38
308 108
308 164
308 244
309 38
309 109
309 165
309 245
310 38
310 110
310 166
310 246
311 38
311 111
311 167
311 247
312 39
312 104
312 160
312 248
313 39
313 105
313 161
313 249
314 39
314 106
314 162
314 250
315 39
315 107
315 163
315 251
316 39
316 108
316 164
316 252
317 39
317 109
317 165
317 253
318 39
318 110
318 166
318 254
319 39
319 111
319 167
319 255
320 40
320 96
320 168
320 192
321 40
321 97
321 169
321 193
322 40
322 98
322 170
322 194
323 40
323 99
323 171
323 195
324 40
324 100
324 172
324 196
325 40
325 101
325 173
325 197
326 40
326 102
326 174
326 198
327 40
327 103
327 175
327 199
328 41
328 96
328 168
328 200
329 41
329 97
329 169
329 201
330 41
330 98
330 170
330 202
331 41
331 99
331 171
331 203
332 41
332 100
332 172
332 204
333 41
333 101
333 173
333 205
334 41
334 102
334 174
334 206
335 41
335 103
335 175
335 207
336 42
336 96
336 168
336 208
337 42
337 97
337 169
337 209
338 42
338 98
338 170
338 210
339 42
339 99
339 171
339 211
340 42
340 100
340 172
340 212
341 42
341 101
341 173
341 213
342 42
342 102
342 174
342 214
343 42
343 103
343 175
343 215
344 43
344 96
344 168
344 216
345 43
345 97
345 169
345 217
346 43
346 98
346 170
346 218
347 43
347 99
347 171
347 219
348 43
348 100
348 172
348 220
349 43
349 101
349 173
349 221
350 43
350 102
350 174
350 222
351 43
351 103
351 175
351 223
352 44
352 104
352 168
352 224
353 44
353 105
353 169
353 225
354 44
354 106
354 170
354 226
355 44
355 107
355 171
355 227
356 44
356 108
356 172
356 228
357 44
357 109
357 173
357 229
358 44
358 110
358 174
358 230
359 44
359 111
359 175
359 231
360 45
360 104
360 168
360 232
361 45
361 105
361 169
361 233
362 45
362 106
362 170
362 234
363 45
363 107
363 171
363 235
364 45
364 108
364 172
364 236
365 45
365 109
365 173
365 237
366 45
366 110
366 174
366 238
367 45
367 111
367 175
367 239
368 46
368 104
368 168
368 240
369 46
369 105
369 169
369 241
370 46
370 106
370 170
370 242
371 46
371 107
371 171
371 243
372 46
372 108
372 172
372 244
373 46
373 109
373 173
373 245
374 46
374 110
374 174
374 246
375 46
375 111
375 175
375 247
376 47
376 104
376 168
376 248
377 47
377 105
377 169
377 249
378 47
378 106
378 170
378 250
379 47
379 107
379 171
379 251
380 47
380 108
380 172
380 252
381 47
381 109
381 173
381 253
382 47
382 110
382 174
382 254
383 47
383 111
383 175
383 255
384 48
384 112
384 176
384 192
385 48
385 113
385 177
385 193
386 48
386 114
386 178
386 194
387 48
387 115
387 179
387 195
388 48
388 116
388 180
388 196
389 48
389 117
389 181
389 197
390 48
390 118
390 182
390 198
391 48
391 119
391 183
391 199
392 49
392 112
392 176
392 200
393 49
393 113
393 177
393 201
394 49
394 114
394 178
394 202
395 49
395 115
395 179
395 203
396 49
396 116
396 180
396 204
397 49
397 117
397 181
397 205
398 49
398 118
398 182
398 206
399 49
399 119
399 183
399 207
400 50
400 112
400 176
400 208
401 50
401 113
401 177
401 209
402 50
402 114
402 178
402 210
403 50
403 115
403 179
403 211
404 50
404 116
404 180
404 212
405 50
405 117
405 181
405 213
406 50
406 118
406 182
406 214
407 50
407 119
407 183
407 215
408 51
408 112
408 176
408 216
409 51
409 113
409 177
409 217
410 51
410 114
410 178
410 218
411 51
411 115
411 179
411 219
412 51
412 116
412 180
412 220
413 51
413 117
413 181
413 221
414 51
414 118
414 182
414 222
415 51
415 119
415 183
415 223
416 52
416 120
416 176
416 224
417 52
417 121
417 177
417 225
418 52
418 122
418 178
418 226
419 52
419 123
419 179
419 227
420 52
420 124
420 180
420 228
421 52
421 125
421 181
421 229
422 52
422 126
422 182
422 230
423 52
423 127
423 183
423 231
424 53
424 120
424 176
424 232
425 53
425 121
425 177
425 233
426 53
426 122
426 178
426 234
427 53
427 123
427 179
427 235
428 53
428 124
428 180
428 236
429 53
429 125
429 181
429 237
430 53
430 126
430 182
430 238
431 53
431 127
431 183
431 239
432 54
432 120
432 176
432 240
433 54
433 121
433 177
433 241
434 54
434 122
434 178
434 242
435 54
435 123
435 179
435 243
436 54
436 124
436 180
436 244
437 54
437 125
437 181
437 245
438 54
438 126
438 182
438 246
439 54
439 127
439 183
439 247
440 55
440 120
440 176
440 248
441 55
441 121
441 177
441 249
442 55
442 122
442 178
442 250
443 55
443 123
443 179
443 251
444 55
444 124
444 180
444 252
445 55
445 125
445 181
445 253
446 55
446 126
446 182
446 254
447 55
447 127
447 183
447 255
448 56
448 112
448 184
448 192
449 56
449 113
449 185
449 193
450 56
450 114
450 186
450 194
451 56
451 115
451 187
451 195
452 56
452 116
452 188
452 196
453 56
453 117
453 189
453 197
454 56
454 118
454 190
454 198
455 56
455 119
455 191
455 199
456 57
456 112
456 184
456 200
457 57
457 113
457 185
457 201
458 57
458 114
458 186
458 202
459 57
459 115
459 187
459 203
460 57
460 116
460 188
460 204
461 57
461 117
461 189
461 205
462 57
462 118
462 190
462 206
463 57
463 119
463 191
463 207
464 58
464 112
464 184
464 208
465 58
465 113
465 185
465 209
466 58
466 114
466 186
466 210
467 58
467 115
467 187
467 211
468 58
468 116
468 188
468 212
469 58
469 117
469 189
469 213
470 58
470 118
470 190
470 214
471 58
471 119
471 191
471 215
472 59
472 112
472 184
472 216
473 59
473 113
473 185
473 217
474 59
474 114
474 186
474 218
475 59
475 115
475 187
475 219
476 59
476 116
476 188
476 220
477 59
477 117
477 189
477 221
478 59
478 118
478 190
478 222
479 59
479 119
479 191
479 223
480 60
480 120
480 184
480 224
481 60
481 121
481 185
481 225
482 60
482 122
482 186
482 226
483 60
483 123
483 187
483 227
484 60
484 124
484 188
484 228
485 60
485 125
485 189
485 229
486 60
486 126
486 190
486 230
487 60
487 127
487 191
487 231
488 61
488 120
488 184
488 232
489 61
489 121
489 185
489 233
490 61
490 122
490 186
490 234
491 61
491 123
491 187
491 235
492 61
492 124
492 188
492 236
493 61
493 125
493 189
493 237
494 61
494 126
494 190
494 238
495 61
495 127
495 191
495 239
496 62
496 120
496 184
496 240
497 62
497 121
497 185
497 241
498 62
498 122
498 186
498 242
499 62
499 123
499 187
499 243
500 62
500 124
500 188
500 244
501 62
501 125
501 189
501 245
502 62
502 126
502 190
502 246
503 62
503 127
503 191
503 247
504 63
504 120
504 184
504 248
505 63
505 121
505 185
505 249
506 63
506 122
506 186
506 250
507 63
507 123
507 187
507 251
508 63
508 124
508 188
508 252
509 63
509 125
509 189
509 253
510 63
510 126
510 190
510 254
511 63
511 127
511 191
511 255
