0 0
0 216
0 432
0 648
0 864
1 0
1 217
1 433
1 649
1 865
2 0
2 218
2 434
2 650
2 866
3 0
3 219
3 435
3 651
3 867
4 0
4 220
4 436
4 652
4 868
5 0
5 221
5 437
5 653
5 869
6 1
6 216
6 432
6 654
6 870
7 1
7 217
7 433
7 655
7 871
8 1
8 218
8 434
8 656
8 872
9 1
9 219
9 435
9 657
9 873
10 1
10 220
10 436
10 658
10 874
11 1
11 221
11 437
11 659
11 875
12 2
12 216
12 432
12 660
12 876
13 2
13 217
13 433
13 661
13 877
14 2
14 218
14 434
14 662
14 878
15 2
15 219
15 435
15 663
15 879
16 2
16 220
16 436
16 664
16 880
17 2
17 221
17 437
17 665
17 881
18 3
18 216
18 432
18 666
18 882
19 3
19 217
19 433
19 667
19 883
20 3
20 218
20 434
20 668
20 884
21 3
21 219
21 435
21 669
21 885
22 3
22 220
22 436
22 670
22 886
23 3
23 221
23 437
23 671
23 887
24 4
24 216
24 432
24 672
24 888
25 4
25 217
25 433
25 673
25 889
26 4
26 218
26 434
26 674
26 890
27 4
27 219
27 435
27 675
27 891
28 4
28 220
28 436
28 676
28 892
29 4
29 221
29 437
29 677
29 893
30 5
30 216
30 432
30 678
30 894
31 5
31 217
31 433
31 679
31 895
32 5
32 218
32 434
32 680
32 896
33 5
33 219
33 435
33 681
33 897
34 5
34 220
34 436
34 682
34 898
35 5
35 221
35 437
35 683
35 899
36 6
36 222
36 438
36 648
36 900
37 6
37 223
37 439
37 649
37 901
38 6
38 224
38 440
38 650
38 902
39 6
39 225
39 441
39 651
39 903
40 6
40 226
40 442
40 652
40 904
41 6
41 227
41 443
41 653
41 905
42 7
42 222
42 438
42 654
42 906
43 7
43 223
43 439
43 655
43 907
44 7
44 224
44 440
44 656
44 908
45 7
45 225
45 441
45 657
45 909
46 7
46 226
46 442
46 658
46 910
47 7
47 227
47 443
47 659
47 911
48 8
48 222
48 438
48 660
48 912
49 8
49 223
49 439
49 661
49 913
50 8
50 224
50 440
50 662
50 914
51 8
51 225
51 441
51 663
51 915
52 8
52 226
52 442
52 664
52 916
53 8
53 227
53 443
53 665
53 917
54 9
54 222
54 438
54 666
54 918
55 9
55 223
55 439
55 667
55 919
56 9
56 224
56 440
56 668
56 920
57 9
57 225
57 441
57 669
57 921
58 9
58 226
58 442
58 670
58 922
59 9
59 227
59 443
59 671
59 923
60 10
60 222
60 438
60 672
60 924
61 10
61 223
61 439
61 673
61 925
62 10
62 224
62 440
62 674
62 926
63 10
63 225
63 441
63 675
63 927
64 10
64 226
64 442
64 676
64 928
65 10
65 227
65 443
65 677
65 929
66 11
66 222
66 438
66 678
66 930
67 11
67 223
67 439
67 679
67 931
68 11
68 224
68 440
68 680
68 932
69 11
69 225
69 441
69 681
69 933
70 11
70 226
70 442
70 682
70 934
71 11
71 227
71 443
71 683
71 935
72 12
72 228
72 444
72 648
72 936
73 12
73 229
73 445
73 649
73 937
74 12
74 230
74 446
74 650
74 938
75 12
75 231
75 447
75 651
75 939
76 12
76 232
76 448
76 652
76 940
77 12
77 233
77 449
77 653
77 941
78 13
78 228
78 444
78 654
78 942
79 13
79 229
79 445
79 655
79 943
80 13
80 230
80 446
80 656
80 944
81 13
81 231
81 447
81 657
81 945
82 13
82 232
82 448
82 658
82 946
83 13
83 233
83 449
83 659
83 947
84 14
84 228
84 444
84 660
84 948
85 14
85 229
85 445
85 661
85 949
86 14
86 230
86 446
86 662
86 950
87 14
87 231
87 447
87 663
87 951
88 14
88 232
88 448
88 664
88 952
89 14
89 233
89 449
89 665
89 953
90 15
90 228
90 444
90 666
90 954
91 15
91 229
91 445
91 667
91 955
92 15
92 230
92 446
92 668
92 956
93 15
93 231
93 447
93 669
93 957
94 15
94 232
94 448
94 670
94 958
95 15
95 233
95 449
95 671
95 959
96 16
96 228
96 444
96 672
96 960
97 16
97 229
97 445
97 673
97 961
98 16
98 230
98 446
98 674
98 962
99 16
99 231
99 447
99 675
99 963
100 16
100 232
100 448
100 676
100 964
101 16
101 233
101 449
101 677
101 965
102 17
102 228
102 444
102 678
102 966
103 17
103 229
103 445
103 679
103 967
104 17
104 230
104 446
104 680
104 968
105 17
105 231
105 447
105 681
105 969
106 17
106 232
106 448
106 682
106 970
107 17
107 233
107 449
107 683
107 971
108 18
108 234
108 450
108 648
108 972
109 18
109 235
109 451
109 649
109 973
110 18
110 236
110 452
110 650
110 974
111 18
111 237
111 453
111 651
111 975
112 18
112 238
112 454
112 652
112 976
113 18
113 239
113 455
113 653
113 977
114 19
114 234
114 450
114 654
114 978
115 19
115 235
115 451
115 655
115 979
116 19
116 236
116 452
116 656
116 980
117 19
117 237
117 453
117 657
117 981
118 19
118 238
118 454
118 658
118 982
119 19
119 239
119 455
119 659
119 983
120 20
120 234
120 450
120 660
120 984
121 20
121 235
121 451
121 661
121 985
122 20
122 236
122 452
122 662
122 986
123 20
123 237
123 453
123 663
123 987
124 20
124 238
124 454
124 664
124 988
125 20
125 239
125 455
125 665
125 989
126 21
126 234
126 450
126 666
126 990
127 21
127 235
127 451
127 667
127 991
128 21
128 236
128 452
128 668
128 992
129 21
129 237
129 453
129 669
129 993
130 21
130 238
130 454
130 670
130 994
131 21
131 239
131 455
131 671
131 995
132 22
132 234
132 450
132 672
132 996
133 22
133 235
133 451
133 673
133 997
134 22
134 236
134 452
134 674
134 998
135 22
135 237
135 453
135 675
135 999
136 22
136 238
136 454
136 676
136 1000
137 22
137 239
137 455
137 677
137 1001
138 23
138 234
138 450
138 678
138 1002
139 23
139 235
139 451
139 679
139 1003
140 23
140 236
140 452
140 680
140 1004
141 23
141 237
141 453
141 681
141 1005
142 23
142 238
142 454
142 682
142 1006
143 23
143 239
143 455
143 683
143 1007
144 24
144 240
144 456
144 648
144 1008
145 24
145 241
145 457
145 649
145 1009
146 24
146 242
146 458
146 650
146 1010
147 24
147 243
147 459
147 651
147 1011
148 24
148 244
148 460
148 652
148 1012
149 24
149 245
149 461
149 653
149 1013
150 25
150 240
150 456
150 654
150 1014
151 25
151 241
151 457
151 655
151 1015
152 25
152 242
152 458
152 656
152 1016
153 25
153 243
153 459
153 657
153 1017
154 25
154 244
154 460
154 658
154 1018
155 25
155 245
155 461
155 659
155 1019
156 26
156 240
156 456
156 660
156 1020
157 26
157 241
157 457
157 661
157 1021
158 26
158 242
158 458
158 662
158 1022
159 26
159 243
159 459
159 663
159 1023
160 26
160 244
160 460
160 664
160 1024
161 26
161 245
161 461
161 665
161 1025
162 27
162 240
162 456
162 666
162 1026
163 27
163 241
163 457
163 667
163 1027
164 27
164 242
164 458
164 668
164 1028
165 27
165 243
165 459
165 669
165 1029
166 27
166 244
166 460
166 670
166 1030
167 27
167 245
167 461
167 671
167 1031
168 28
168 240
168 456
168 672
168 1032
169 28
169 241
169 457
169 673
169 1033
170 28
170 242
170 458
170 674
170 1034
171 28
171 243
171 459
171 675
171 1035
172 28
172 244
172 460
172 676
172 1036
173 28
173 245
173 461
173 677
173 1037
174 29
174 240
174 456
174 678
174 1038
175 29
175 241
175 457
175 679
175 1039
176 29
176 242
176 458
176 680
176 1040
177 29
177 243
177 459
177 681
177 1041
178 29
178 244
178 460
178 682
178 1042
179 29
179 245
179 461
179 683
179 1043
180 30
180 246
180 462
180 648
180 1044
181 30
181 247
181 463
181 649
181 1045
182 30
182 248
182 464
182 650
182 1046
183 30
183 249
183 465
183 651
183 1047
184 30
184 250
184 466
184 652
184 1048
185 30
185 251
185 467
185 653
185 1049
186 31
186 246
186 462
186 654
186 1050
187 31
187 247
187 463
187 655
187 1051
188 31
188 248
188 464
188 656
188 1052
189 31
189 249
189 465
189 657
189 1053
190 31
190 250
190 466
190 658
190 1054
191 31
191 251
191 467
191 659
191 1055
192 32
192 246
192 462
192 660
192 1056
193 32
193 247
193 463
193 661
193 1057
194 32
194 248
194 464
194 662
194 1058
195 32
195 249
195 465
195 663
195 1059
196 32
196 250
196 466
196 664
196 1060
197 32
197 251
197 467
197 665
197 1061
198 33
198 246
198 462
198 666
198 1062
199 33
199 247
199 463
199 667
199 1063
200 33
200 248
200 464
200 668
200 1064
201 33
201 249
201 465
201 669
201 1065
202 33
202 250
202 466
202 670
202 1066
203 33
203 251
203 467
203 671
203 1067
204 34
204 246
204 462
204 672
204 1068
205 34
205 247
205 463
205 673
205 1069
206 34
206 248
206 464
206 674
206 1070
207 34
207 249
207 465
207 675
207 1071
208 34
208 250
208 466
208 676
208 1072
209 34
209 251
209 467
209 677
209 1073
210 35
210 246
210 462
210 678
210 1074
211 35
211 247
211 463
211 679
211 1075
212 35
212 248
212 464
212 680
212 1076
213 35
213 249
213 465
213 681
213 1077
214 35
214 250
214 466
214 682
214 1078
215 35
215 251
215 467
215 683
215 1079
216 36
216 252
216 468
216 684
216 864
217 36
217 253
217 469
217 685
217 865
218 36
218 254
218 470
218 686
218 866
219 36
219 255
219 471
219 687
219 867
220 36
220 256
220 472
220 688
220 868
221 36
221 257
221 473
221 689
221 869
222 37
222 252
222 468
222 690
222 870
223 37
223 253
223 469
223 691
223 871
224 37
224 254
224 470
224 692
224 872
225 37
225 255
225 471
225 693
225 873
226 37
226 256
226 472
226 694
226 874
227 37
227 257
227 473
227 695
227 875
228 38
228 252
228 468
228 696
228 876
229 38
229 253
229 469
229 697
229 877
230 38
230 254
230 470
230 698
230 878
231 38
231 255
231 471
231 699
231 879
232 38
232 256
232 472
232 700
232 880
233 38
233 257
233 473
233 701
233 881
234 39
234 252
234 468
234 702
234 882
235 39
235 253
235 469
235 703
235 883
236 39
236 254
236 470
236 704
236 884
237 39
237 255
237 471
237 705
237 885
238 39
238 256
238 472
238 706
238 886
239 39
239 257
239 473
239 707
239 887
240 40
240 252
240 468
240 708
240 888
241 40
241 253
241 469
241 709
241 889
242 40
242 254
242 470
242 710
242 890
243 40
243 255
243 471
243 711
243 891
244 40
244 256
244 472
244 712
244 892
245 40
245 257
245 473
245 713
245 893
246 41
246 252
246 468
246 714
246 894
247 41
247 253
247 469
247 715
247 895
248 41
248 254
248 470
248 716
248 896
249 41
249 255
249 471
249 717
249 897
250 41
250 256
250 472
250 718
250 898
251 41
251 257
251 473
251 719
251 899
252 42
252 258
252 474
252 684
252 900
253 42
253 259
253 475
253 685
253 901
254 42
254 260
254 476
254 686
254 902
255 42
255 261
255 477
255 687
255 903
256 42
256 262
256 478
256 688
256 904
257 42
257 263
257 479
257 689
257 905
258 43
258 258
258 474
258 690
258 906
259 43
259 259
259 475
259 691
259 907
260 43
260 260
260 476
260 692
260 908
261 43
261 261
261 477
261 693
261 909
262 43
262 262
262 478
262 694
262 910
263 43
263 263
263 479
263 695
263 911
264 44
264 258
264 474
264 696
264 912
265 44
265 259
265 475
265 697
265 913
266 44
266 260
266 476
266 698
266 914
267 44
267 261
267 477
267 699
267 915
268 44
268 262
268 478
268 700
268 916
269 44
269 263
269 479
269 701
269 917
270 45
270 258
270 474
270 702
270 918
271 45
271 259
271 475
271 703
271 919
272 45
272 260
272 476
272 704
272 920
273 45
273 261
273 477
273 705
273 921
274 45
274 262
274 478
274 706
274 922
275 45
275 263
275 479
275 707
275 923
276 46
276 258
276 474
276 708
276 924
277 46
277 259
277 475
277 709
277 925
278 46
278 260
278 476
278 710
278 926
279 46
279 261
279 477
279 711
279 927
280 46
280 262
280 478
280 712
280 928
281 46
281 263
281 479
281 713
281 929
282 47
282 258
282 474
282 714
282 930
283 47
283 259
283 475
283 715
283 931
284 47
284 260
284 476
284 716
284 932
285 47
285 261
285 477
285 717
285 933
286 47
286 262
286 478
286 718
286 934
287 47
287 263
287 479
287 719
287 935
288 48
288 264
288 480
288 684
288 936
289 48
289 265
289 481
289 685
289 937
290 48
290 266
290 482
290 686
290 938
291 48
291 267
291 483
291 687
291 939
292 48
292 268
292 484
292 688
292 940
293 48
293 269
293 485
293 689
293 941
294 49
294 264
294 480
294 690
294 942
295 49
295 265
295 481
295 691
295 943
296 49
296 266
296 482
296 692
296 944
297 49
297 267
297 483
297 693
297 945
298 49
298 268
298 484
298 694
298 946
299 49
299 269
299 485
299 695
299 947
300 50
300 264
300 480
300 696
300 948
301 50
301 265
301 481
301 697
301 949
302 50
302 266
302 482
302 698
302 950
303 50
303 267
303 483
303 699
303 951
304 50
304 268
304 484
304 700
304 952
305 50
305 269
305 485
305 701
305 953
306 51
306 264
306 480
306 702
306 954
307 51
307 265
307 481
307 703
307 955
308 51
308 266
308 482
308 704
308 956
309 51
309 267
309 483
309 705
309 957
310 51
310 268
310 484
310 706
310 958
311 51
311 269
311 485
311 707
311 959
312 52
312 264
312 480
312 708
312 960
313 52
313 265
313 481
313 709
313 961
314 52
314 266
314 482
314 710
314 962
315 52
315 267
315 483
315 711
315 963
316 52
316 268
316 484
316 712
316 964
317 52
317 269
317 485
317 713
317 965
318 53
318 264
318 480
318 714
318 966
319 53
319 265
319 481
319 715
319 967
320 53
320 266
320 482
320 716
320 968
321 53
321 267
321 483
321 717
321 969
322 53
322 268
322 484
322 718
322 970
323 53
323 269
323 485
323 719
323 971
324 54
324 270
324 486
324 684
324 972
325 54
325 271
325 487
325 685
325 973
326 54
326 272
326 488
326 686
326 974
327 54
327 273
327 489
327 687
327 975
328 54
328 274
328 490
328 688
328 976
329 54
329 275
329 491
329 689
329 977
330 55
330 270
330 486
330 690
330 978
331 55
331 271
331 487
331 691
331 979
332 55
332 272
332 488
332 692
332 980
333 55
333 273
333 489
333 693
333 981
334 55
334 274
334 490
334 694
334 982
335 55
335 275
335 491
335 695
335 983
336 56
336 270
336 486
336 696
336 984
337 56
337 271
337 487
337 697
337 985
338 56
338 272
338 488
338 698
338 986
339 56
339 273
339 489
339 699
339 987
340 56
340 274
340 490
340 700
340 988
341 56
341 275
341 491
341 701
341 989
342 57
342 270
342 486
342 702
342 990
343 57
343 271
343 487
343 703
343 991
344 57
344 272
344 488
344 704
344 992
345 57
345 273
345 489
345 705
345 993
346 57
346 274
346 490
346 706
346 994
347 57
347 275
347 491
347 707
347 995
348 58
348 270
348 486
348 708
348 996
349 58
349 271
349 487
349 709
349 997
350 58
350 272
350 488
350 710
350 998
351 58
351 273
351 489
351 711
351 999
352 58
352 274
352 490
352 712
352 1000
353 58
353 275
353 491
353 713
353 1001
354 59
354 270
354 486
354 714
354 1002
355 59
355 271
355 487
355 715
355 1003
356 59
356 272
356 488
356 716
356 1004
357 59
357 273
357 489
357 717
357 1005
358 59
358 274
358 490
358 718
358 1006
359 59
359 275
359 491
359 719
359 1007
360 60
360 276
360 492
360 684
360 1008
361 60
361 277
361 493
361 685
361 1009
362 60
362 278
362 494
362 686
362 1010
363 60
363 279
363 495
363 687
363 1011
364 60
364 280
364 496
364 688
364 1012
365 60
365 281
365 497
365 689
365 1013
366 61
366 276
366 492
366 690
366 1014
367 61
367 277
367 493
367 691
367 1015
368 61
368 278
368 494
368 692
368 1016
369 61
369 279
369 495
369 693
369 1017
370 61
370 280
370 496
370 694
370 1018
371 61
371 281
371 497
371 695
371 1019
372 62
372 276
372 492
372 696
372 1020
373 62
373 277
373 493
373 697
373 1021
374 62
374 278
374 494
374 698
374 1022
375 62
375 279
375 495
375 699
375 1023
376 62
376 280
376 496
376 700
376 1024
377 62
377 281
377 497
377 701
377 1025
378 63
378 276
378 492
378 702
378 1026
379 63
379 277
379 493
379 703
379 1027
380 63
380 278
380 494
380 704
380 1028
381 63
381 279
381 495
381 705
381 1029
382 63
382 280
382 496
382 706
382 1030
383 63
383 281
383 497
383 707
383 1031
384 64
384 276
384 492
384 708
384 1032
385 64
385 277
385 493
385 709
385 1033
386 64
386 278
386 494
386 710
386 1034
387 64
387 279
387 495
387 711
387 1035
388 64
388 280
388 496
388 712
388 1036
389 64
389 281
389 497
389 713
389 1037
390 65
390 276
390 492
390 714
390 1038
391 65
391 277
391 493
391 715
391 1039
392 65
392 278
392 494
392 716
392 1040
393 65
393 279
393 495
393 717
393 1041
394 65
394 280
394 496
394 718
394 1042
395 65
395 281
395 497
395 719
395 1043
396 66
396 282
396 498
396 684
396 1044
397 66
397 283
397 499
397 685
397 1045
398 66
398 284
398 500
398 686
398 1046
399 66
399 285
399 501
399 687
399 1047
400 66
400 286
400 502
400 688
400 1048
401 66
401 287
401 503
401 689
401 1049
402 67
402 282
402 498
402 690
402 1050
403 67
403 283
403 499
403 691
403 1051
404 67
404 284
404 500
404 692
404 1052
405 67
405 285
405 501
405 693
405 1053
406 67
406 286
406 502
406 694
406 1054
407 67
407 287
407 503
407 695
407 1055
408 68
408 282
408 498
408 696
408 1056
409 68
409 283
409 499
409 697
409 1057
410 68
410 284
410 500
410 698
410 1058
411 68
411 285
411 501
411 699
411 1059
412 68
412 286
412 502
412 700
412 1060
413 68
413 287
413 503
413 701
413 1061
414 69
414 282
414 498
414 702
414 1062
415 69
415 283
415 499
415 703
415 1063
416 69
416 284
416 500
416 704
416 1064
417 69
417 285
417 501
417 705
417 1065
418 69
418 286
418 502
418 706
418 1066
419 69
419 287
419 503
419 707
419 1067
420 70
420 282
420 498
420 708
420 1068
421 70
421 283
421 499
421 709
421 1069
422 70
422 284
422 500
422 710
422 1070
423 70
423 285
423 501
423 711
423 1071
424 70
424 286
424 502
424 712
424 1072
425 70
425 287
425 503
425 713
425 1073
426 71
426 282
426 498
426 714
426 1074
427 71
427 283
427 499
427 715
427 1075
428 71
428 284
428 500
428 716
428 1076
429 71
429 285
429 501
429 717
429 1077
430 71
430 286
430 502
430 718
430 1078
431 71
431 287
431 503
431 719
431 1079
432 72
432 288
432 504
432 720
432 864
433 72
433 289
433 505
433 721
433 865
434 72
434 290
434 506
434 722
434 866
435 72
435 291
435 507
435 723
435 867
436 72
436 292
436 508
436 724
436 868
437 72
437 293
437 509
437 725
437 869
438 73
438 288
438 504
438 726
438 870
439 73
439 289
439 505
439 727
439 871
440 73
440 290
440 506
440 728
440 872
441 73
441 291
441 507
441 729
441 873
442 73
442 292
442 508
442 730
442 874
443 73
443 293
443 509
443 731
443 875
444 74
444 288
444 504
444 732
444 876
445 74
445 289
445 505
445 733
445 877
446 74
446 290
446 506
446 734
446 878
447 74
447 291
447 507
447 735
447 879
448 74
448 292
448 508
448 736
448 880
449 74
449 293
449 509
449 737
449 881
450 75
450 288
450 504
450 738
450 882
451 75
451 289
451 505
451 739
451 883
452 75
452 290
452 506
452 740
452 884
453 75
453 291
453 507
453 741
453 885
454 75
454 292
454 508
454 742
454 886
455 75
455 293
455 509
455 743
455 887
456 76
456 288
456 504
456 744
456 888
457 76
457 289
457 505
457 745
457 889
458 76
458 290
458 506
458 746
458 890
459 76
459 291
459 507
459 747
459 891
460 76
460 292
460 508
460 748
460 892
461 76
461 293
461 509
461 749
461 893
462 77
462 288
462 504
462 750
462 894
463 77
463 289
463 505
463 751
463 895
464 77
464 290
464 506
464 752
464 896
465 77
465 291
465 507
465 753
465 897
466 77
466 292
466 508
466 754
466 898
467 77
467 293
467 509
467 755
467 899
468 78
468 294
468 510
468 720
468 900
469 78
469 295
469 511
469 721
469 901
470 78
470 296
470 512
470 722
470 902
471 78
471 297
471 513
471 723
471 903
472 78
472 298
472 514
472 724
472 904
473 78
473 299
473 515
473 725
473 905
474 79
474 294
474 510
474 726
474 906
475 79
475 295
475 511
475 727
475 907
476 79
476 296
476 512
476 728
476 908
477 79
477 297
477 513
477 729
477 909
478 79
478 298
478 514
478 730
478 910
479 79
479 299
479 515
479 731
479 911
480 80
480 294
480 510
480 732
480 912
481 80
481 295
481 511
481 733
481 913
482 80
482 296
482 512
482 734
482 914
483 80
483 297
483 513
483 735
483 915
484 80
484 298
484 514
484 736
484 916
485 80
485 299
485 515
485 737
485 917
486 81
486 294
486 510
486 738
486 918
487 81
487 295
487 511
487 739
487 919
488 81
488 296
488 512
488 740
488 920
489 81
489 297
489 513
489 741
489 921
490 81
490 298
490 514
490 742
490 922
491 81
491 299
491 515
491 743
491 923
492 82
492 294
492 510
492 744
492 924
493 82
493 295
493 511
493 745
493 925
494 82
494 296
494 512
494 746
494 926
495 82
495 297
495 513
495 747
495 927
496 82
496 298
496 514
496 748
496 928
497 82
497 299
497 515
497 749
497 929
498 83
498 294
498 510
498 750
498 930
499 83
499 295
499 511
499 751
499 931
500 83
500 296
500 512
500 752
500 932
501 83
501 297
501 513
501 753
501 933
502 83
502 298
502 514
502 754
502 934
503 83
503 299
503 515
503 755
503 935
504 84
504 300
504 516
504 720
504 936
505 84
505 301
505 517
505 721
505 937
506 84
506 302
506 518
506 722
506 938
507 84
507 303
507 519
507 723
507 939
508 84
508 304
508 520
508 724
508 940
509 84
509 305
509 521
509 725
509 941
510 85
510 300
510 516
510 726
510 942
511 85
511 301
511 517
511 727
511 943
512 85
512 302
512 518
512 728
512 944
513 85
513 303
513 519
513 729
513 945
514 85
514 304
514 520
514 730
514 946
515 85
515 305
515 521
515 731
515 947
516 86
516 300
516 516
516 732
516 948
517 86
517 301
517 517
517 733
517 949
518 86
518 302
518 518
518 734
518 950
519 86
519 303
519 519
519 735
519 951
520 86
520 304
520 520
520 736
520 952
521 86
521 305
521 521
521 737
521 953
522 87
522 300
522 516
522 738
522 954
523 87
523 301
523 517
523 739
523 955
524 87
524 302
524 518
524 740
524 956
525 87
525 303
525 519
525 741
525 957
526 87
526 304
526 520
526 742
526 958
527 87
527 305
527 521
527 743
527 959
528 88
528 300
528 516
528 744
528 960
529 88
529 301
529 517
529 745
529 961
530 88
530 302
530 518
530 746
530 962
531 88
531 303
531 519
531 747
531 963
532 88
532 304
532 520
532 748
532 964
533 88
533 305
533 521
533 749
533 965
534 89
534 300
534 516
534 750
534 966
535 89
535 301
535 517
535 751
535 967
536 89
536 302
536 518
536 752
536 968
537 89
537 303
537 519
537 753
537 969
538 89
538 304
538 520
538 754
538 970
539 89
539 305
539 521
539 755
539 971
540 90
540 306
540 522
540 720
540 972
541 90
541 307
541 523
541 721
541 973
542 90
542 308
542 524
542 722
542 974
543 90
543 309
543 525
543 723
543 975
544 90
544 310
544 526
544 724
544 976
545 90
545 311
545 527
545 725
545 977
546 91
546 306
546 522
546 726
546 978
547 91
547 307
547 523
547 727
547 979
548 91
548 308
548 524
548 728
548 980
549 91
549 309
549 525
549 729
549 981
550 91
550 310
550 526
550 730
550 982
551 91
551 311
551 527
551 731
551 983
552 92
552 306
552 522
552 732
552 984
553 92
553 307
553 523
553 733
553 985
554 92
554 308
554 524
554 734
554 986
555 92
555 309
555 525
555 735
555 987
556 92
556 310
556 526
556 736
556 988
557 92
557 311
557 527
557 737
557 989
558 93
558 306
558 522
558 738
558 990
559 93
559 307
559 523
559 739
559 991
560 93
560 308
560 524
560 740
560 992
561 93
561 309
561 525
561 741
561 993
562 93
562 310
562 526
562 742
562 994
563 93
563 311
563 527
563 743
563 995
564 94
564 306
564 522
564 744
564 996
565 94
565 307
565 523
565 745
565 997
566 94
566 308
566 524
566 746
566 998
567 94
567 309
567 525
567 747
567 999
568 94
568 310
568 526
568 748
568 1000
569 94
569 311
569 527
569 749
569 1001
570 95
570 306
570 522
570 750
570 1002
571 95
571 307
571 523
571 751
571 1003
572 95
572 308
572 524
572 752
572 1004
573 95
573 309
573 525
573 753
573 1005
574 95
574 310
574 526
574 754
574 1006
575 95
575 311
575 527
575 755
575 1007
576 96
576 312
576 528
576 720
576 1008
577 96
577 313
577 529
577 721
577 1009
578 96
578 314
578 530
578 722
578 1010
579 96
579 315
579 531
579 723
579 1011
580 96
580 316
580 532
580 724
580 1012
581 96
581 317
581 533
581 725
581 1013
582 97
582 312
582 528
582 726
582 1014
583 97
583 313
583 529
583 727
583 1015
584 97
584 314
584 530
584 728
584 1016
585 97
585 315
585 531
585 729
585 1017
586 97
586 316
586 532
586 730
586 1018
587 97
587 317
587 533
587 731
587 1019
588 98
588 312
588 528
588 732
588 1020
589 98
589 313
589 529
589 733
589 1021
590 98
590 314
590 530
590 734
590 1022
591 98
591 315
591 531
591 735
591 1023
592 98
592 316
592 532
592 736
592 1024
593 98
593 317
593 533
593 737
593 1025
594 99
594 312
594 528
594 738
594 1026
595 99
595 313
595 529
595 739
595 1027
596 99
596 314
596 530
596 740
596 1028
597 99
597 315
597 531
597 741
597 1029
598 99
598 316
598 532
598 742
598 1030
599 99
599 317
599 533
599 743
599 1031
600 100
600 312
600 528
600 744
600 1032
601 100
601 313
601 529
601 745
601 1033
602 100
602 314
602 530
602 746
602 1034
603 100
603 315
603 531
603 747
603 1035
604 100
604 316
604 532
604 748
604 1036
605 100
605 317
605 533
605 749
605 1037
606 101
606 312
606 528
606 750
606 1038
607 101
607 313
607 529
607 751
607 1039
608 101
608 314
608 530
608 752
608 1040
609 101
609 315
609 531
609 753
609 1041
610 101
610 316
610 532
610 754
610 1042
611 101
611 317
611 533
611 755
611 1043
612 102
612 318
612 534
612 720
612 1044
613 102
613 319
613 535
613 721
613 1045
614 102
614 320
614 536
614 722
614 1046
615 102
615 321
615 537
615 723
615 1047
616 102
616 322
616 538
616 724
616 1048
617 102
617 323
617 539
617 725
617 1049
618 103
618 318
618 534
618 726
618 1050
619 103
619 319
619 535
619 727
619 1051
620 103
620 320
620 536
620 728
620 1052
621 103
621 321
621 537
621 729
621 1053
622 103
622 322
622 538
622 730
622 1054
623 103
623 323
623 539
623 731
623 1055
624 104
624 318
624 534
624 732
624 1056
625 104
625 319
625 535
625 733
625 1057
626 104
626 320
626 536
626 734
626 1058
627 104
627 321
627 537
627 735
627 1059
628 104
628 322
628 538
628 736
628 1060
629 104
629 323
629 539
629 737
629 1061
630 105
630 318
630 534
630 738
630 1062
631 105
631 319
631 535
631 739
631 1063
632 105
632 320
632 536
632 740
632 1064
633 105
633 321
633 537
633 741
633 1065
634 105
634 322
634 538
634 742
634 1066
635 105
635 323
635 539
635 743
635 1067
636 106
636 318
636 534
636 744
636 1068
637 106
637 319
637 535
637 745
637 1069
638 106
638 320
638 536
638 746
638 1070
639 106
639 321
639 537
639 747
639 1071
640 106
640 322
640 538
640 748
640 1072
641 106
641 323
641 539
641 749
641 1073
642 107
642 318
642 534
642 750
642 1074
643 107
643 319
643 535
643 751
643 1075
644 107
644 320
644 536
644 752
644 1076
645 107
645 321
645 537
645 753
645 1077
646 107
646 322
646 538
646 754
646 1078
647 107
647 323
647 539
647 755
647 1079
648 108
648 324
648 540
648 756
648 864
649 108
649 325
649 541
649 757
649 865
650 108
650 326
650 542
650 758
650 866
651 108
651 327
651 543
651 759
651 867
652 108
652 328
652 544
652 760
652 868
653 108
653 329
653 545
653 761
653 869
654 109
654 324
654 540
654 762
654 870
655 109
655 325
655 541
655 763
655 871
656 109
656 326
656 542
656 764
656 872
657 109
657 327
657 543
657 765
657 873
658 109
658 328
658 544
658 766
658 874
659 109
659 329
659 545
659 767
659 875
660 110
660 324
660 540
660 768
660 876
661 110
661 325
661 541
661 769
661 877
662 110
662 326
662 542
662 770
662 878
663 110
663 327
663 543
663 771
663 879
664 110
664 328
664 544
664 772
664 880
665 110
665 329
665 545
665 773
665 881
666 111
666 324
666 540
666 774
666 882
667 111
667 325
667 541
667 775
667 883
668 111
668 326
668 542
668 776
668 884
669 111
669 327
669 543
669 777
669 885
670 111
670 328
670 544
670 778
670 886
671 111
671 329
671 545
671 779
671 887
672 112
672 324
672 540
672 780
672 888
673 112
673 325
673 541
673 781
673 889
674 112
674 326
674 542
674 782
674 890
675 112
675 327
675 543
675 783
675 891
676 112
676 328
676 544
676 784
676 892
677 112
677 329
677 545
677 785
677 893
678 113
678 324
678 540
678 786
678 894
679 113
679 325
679 541
679 787
679 895
680 113
680 326
680 542
680 788
680 896
681 113
681 327
681 543
681 789
681 897
682 113
682 328
682 544
682 790
682 898
683 113
683 329
683 545
683 791
683 899
684 114
684 330
684 546
684 756
684 900
685 114
685 331
685 547
685 757
685 901
686 114
686 332
686 548
686 758
686 902
687 114
687 333
687 549
687 759
687 903
688 114
688 334
688 550
688 760
688 904
689 114
689 335
689 551
689 761
689 905
690 115
690 330
690 546
690 762
690 906
691 115
691 331
691 547
691 763
691 907
692 115
692 332
692 548
692 764
692 908
693 115
693 333
693 549
693 765
693 909
694 115
694 334
694 550
694 766
694 910
695 115
695 335
695 551
695 767
695 911
696 116
696 330
696 546
696 768
696 912
697 116
697 331
697 547
697 769
697 913
698 116
698 332
698 548
698 770
698 914
699 116
699 333
699 549
699 771
699 915
700 116
700 334
700 550
700 772
700 916
701 116
701 335
701 551
701 773
701 917
702 117
702 330
702 546
702 774
702 918
703 117
703 331
703 547
703 775
703 919
704 117
704 332
704 548
704 776
704 920
705 117
705 333
705 549
705 777
705 921
706 117
706 334
706 550
706 778
706 922
707 117
707 335
707 551
707 779
707 923
708 118
708 330
708 546
708 780
708 924
709 118
709 331
709 547
709 781
709 925
710 118
710 332
710 548
710 782
710 926
711 118
711 333
711 549
711 783
711 927
712 118
712 334
712 550
712 784
712 928
713 118
713 335
713 551
713 785
713 929
714 119
714 330
714 546
714 786
714 930
715 119
715 331
715 547
715 787
715 931
716 119
716 332
716 548
716 788
716 932
717 119
717 333
717 549
717 789
717 933
718 119
718 334
718 550
718 790
718 934
719 119
719 335
719 551
719 791
719 935
720 120
720 336
720 552
720 756
720 936
721 120
721 337
721 553
721 757
721 937
722 120
722 338
722 554
722 758
722 938
723 120
723 339
723 555
723 759
723 939
724 120
724 340
724 556
724 760
724 940
725 120
725 341
725 557
725 761
725 941
726 121
726 336
726 552
726 762
726 942
727 121
727 337
727 553
727 763
727 943
728 121
728 338
728 554
728 764
728 944
729 121
729 339
729 555
729 765
729 945
730 121
730 340
730 556
730 766
730 946
731 121
731 341
731 557
731 767
731 947
732 122
732 336
732 552
732 768
732 948
733 122
733 337
733 553
733 769
733 949
734 122
734 338
734 554
734 770
734 950
735 122
735 339
735 555
735 771
735 951
736 122
736 340
736 556
736 772
736 952
737 122
737 341
737 557
737 773
737 953
738 123
738 336
738 552
738 774
738 954
739 123
739 337
739 553
739 775
739 955
740 123
740 338
740 554
740 776
740 956
741 123
741 339
741 555
741 777
741 957
742 123
742 340
742 556
742 778
742 958
743 123
743 341
743 557
743 779
743 959
744 124
744 336
744 552
744 780
744 960
745 124
745 337
745 553
745 781
745 961
746 124
746 338
746 554
746 782
746 962
747 124
747 339
747 555
747 783
747 963
748 124
748 340
748 556
748 784
748 964
749 124
749 341
749 557
749 785
749 965
750 125
750 336
750 552
750 786
750 966
751 125
751 337
751 553
751 787
751 967
752 125
752 338
752 554
752 788
752 968
753 125
753 339
753 555
753 789
753 969
754 125
754 340
754 556
754 790
754 970
755 125
755 341
755 557
755 791
755 971
756 126
756 342
756 558
756 756
756 972
757 126
757 343
757 559
757 757
757 973
758 126
758 344
758 560
758 758
758 974
759 126
759 345
759 561
759 759
759 975
760 126
760 346
760 562
760 760
760 976
761 126
761 347
761 563
761 761
761 977
762 127
762 342
762 558
762 762
762 978
763 127
763 343
763 559
763 763
763 979
764 127
764 344
764 560
764 764
764 980
765 127
765 345
765 561
765 765
765 981
766 127
766 346
766 562
766 766
766 982
767 127
767 347
767 563
767 767
767 983
768 128
768 342
768 558
768 768
768 984
769 128
769 343
769 559
769 769
769 985
770 128
770 344
770 560
770 770
770 986
771 128
771 345
771 561
771 771
771 987
772 128
772 346
772 562
772 772
772 988
773 128
773 347
773 563
773 773
773 989
774 129
774 342
774 558
774 774
774 990
775 129
775 343
775 559
775 775
775 991
776 129
776 344
776 560
776 776
776 992
777 129
777 345
777 561
777 777
777 993
778 129
778 346
778 562
778 778
778 994
779 129
779 347
779 563
779 779
779 995
780 130
780 342
780 558
780 780
780 996
781 130
781 343
781 559
781 781
781 997
782 130
782 344
782 560
782 782
782 998
783 130
783 345
783 561
783 783
783 999
784 130
784 346
784 562
784 784
784 1000
785 130
785 347
785 563
785 785
785 1001
786 131
786 342
786 558
786 786
786 1002
787 131
787 343
787 559
787 787
787 1003
788 131
788 344
788 560
788 788
788 1004
789 131
789 345
789 561
789 789
789 1005
790 131
790 346
790 562
790 790
790 1006
791 131
791 347
791 563
791 791
791 1007
792 132
792 348
792 564
792 756
792 1008
793 132
793 349
793 565
793 757
793 1009
794 132
794 350
794 566
794 758
794 1010
795 132
795 351
795 567
795 759
795 1011
796 132
796 352
796 568
796 760
796 1012
797 132
797 353
797 569
797 761
797 1013
798 133
798 348
798 564
798 762
798 1014
799 133
799 349
799 565
799 763
799 1015
800 133
800 350
800 566
800 764
800 1016
801 133
801 351
801 567
801 765
801 1017
802 133
802 352
802 568
802 766
802 1018
803 133
803 353
803 569
803 767
803 1019
804 134
804 348
804 564
804 768
804 1020
805 134
805 349
805 565
805 769
805 1021
806 134
806 350
806 566
806 770
806 1022
807 134
807 351
807 567
807 771
807 1023
808 134
808 352
808 568
808 772
808 1024
809 134
809 353
809 569
809 773
809 1025
810 135
810 348
810 564
810 774
810 1026
811 135
811 349
811 565
811 775
811 1027
812 135
812 350
812 566
812 776
812 1028
813 135
813 351
813 567
813 777
813 1029
814 135
814 352
814 568
814 778
814 1030
815 135
815 353
815 569
815 779
815 1031
816 136
816 348
816 564
816 780
816 1032
817 136
817 349
817 565
817 781
817 1033
818 136
818 350
818 566
818 782
818 1034
819 136
819 351
819 567
819 783
819 1035
820 136
820 352
820 568
820 784
820 1036
821 136
821 353
821 569
821 785
821 1037
822 137
822 348
822 564
822 786
822 1038
823 137
823 349
823 565
823 787
823 1039
824 137
824 350
824 566
824 788
824 1040
825 137
825 351
825 567
825 789
825 1041
826 137
826 352
826 568
826 790
826 1042
827 137
827 353
827 569
827 791
827 1043
828 138
828 354
828 570
828 756
828 1044
829 138
829 355
829 571
829 757
829 1045
830 138
830 356
830 572
830 758
830 1046
831 138
831 357
831 573
831 759
831 1047
832 138
832 358
832 574
832 760
832 1048
833 138
833 359
833 575
833 761
833 1049
834 139
834 354
834 570
834 762
834 1050
835 139
835 355
835 571
835 763
835 1051
836 139
836 356
836 572
836 764
836 1052
837 139
837 357
837 573
837 765
837 1053
838 139
838 358
838 574
838 766
838 1054
839 139
839 359
839 575
839 767
839 1055
840 140
840 354
840 570
840 768
840 1056
841 140
841 355
841 571
841 769
841 1057
842 140
842 356
842 572
842 770
842 1058
843 140
843 357
843 573
843 771
843 1059
844 140
844 358
844 574
844 772
844 1060
845 140
845 359
845 575
845 773
845 1061
846 141
846 354
846 570
846 774
846 1062
847 141
847 355
847 571
847 775
847 1063
848 141
848 356
848 572
848 776
848 1064
849 141
849 357
849 573
849 777
849 1065
850 141
850 358
850 574
850 778
850 1066
851 141
851 359
851 575
851 779
851 1067
852 142
852 354
852 570
852 780
852 1068
853 142
853 355
853 571
853 781
853 1069
854 142
854 356
854 572
854 782
854 1070
855 142
855 357
855 573
855 783
855 1071
856 142
856 358
856 574
856 784
856 1072
857 142
857 359
857 575
857 785
857 1073
858 143
858 354
858 570
858 786
858 1074
859 143
859 355
859 571
859 787
859 1075
860 143
860 356
860 572
860 788
860 1076
861 143
861 357
861 573
861 789
861 1077
862 143
862 358
862 574
862 790
862 1078
863 143
863 359
863 575
863 791
863 1079
864 144
864 360
864 576
864 792
864 864
865 144
865 361
865 577
865 793
865 865
866 144
866 362
866 578
866 794
866 866
867 144
867 363
867 579
867 795
867 867
868 144
868 364
868 580
868 796
868 868
869 144
869 365
869 581
869 797
869 869
870 145
870 360
870 576
870 798
870 870
871 145
871 361
871 577
871 799
871 871
872 145
872 362
872 578
872 800
872 872
873 145
873 363
873 579
873 801
873 873
874 145
874 364
874 580
874 802
874 874
875 145
875 365
875 581
875 803
875 875
876 146
876 360
876 576
876 804
876 876
877 146
877 361
877 577
877 805
877 877
878 146
878 362
878 578
878 806
878 878
879 146
879 363
879 579
879 807
879 879
880 146
880 364
880 580
880 808
880 880
881 146
881 365
881 581
881 809
881 881
882 147
882 360
882 576
882 810
882 882
883 147
883 361
883 577
883 811
883 883
884 147
884 362
884 578
884 812
884 884
885 147
885 363
885 579
885 813
885 885
886 147
886 364
886 580
886 814
886 886
887 147
887 365
887 581
887 815
887 887
888 148
888 360
888 576
888 816
888 888
889 148
889 361
889 577
889 817
889 889
890 148
890 362
890 578
890 818
890 890
891 148
891 363
891 579
891 819
891 891
892 148
892 364
892 580
892 820
892 892
893 148
893 365
893 581
893 821
893 893
894 149
894 360
894 576
894 822
894 894
895 149
895 361
895 577
895 823
895 895
896 149
896 362
896 578
896 824
896 896
897 149
897 363
897 579
897 825
897 897
898 149
898 364
898 580
898 826
898 898
899 149
899 365
899 581
899 827
899 899
900 150
900 366
900 582
900 792
900 900
901 150
901 367
901 583
901 793
901 901
902 150
902 368
902 584
902 794
902 902
903 150
903 369
903 585
903 795
903 903
904 150
904 370
904 586
904 796
904 904
905 150
905 371
905 587
905 797
905 905
906 151
906 366
906 582
906 798
906 906
907 151
907 367
907 583
907 799
907 907
908 151
908 368
908 584
908 800
908 908
909 151
909 369
909 585
909 801
909 909
910 151
910 370
910 586
910 802
910 910
911 151
911 371
911 587
911 803
911 911
912 152
912 366
912 582
912 804
912 912
913 152
913 367
913 583
913 805
913 913
914 152
914 368
914 584
914 806
914 914
915 152
915 369
915 585
915 807
915 915
916 152
916 370
916 586
916 808
916 916
917 152
917 371
917 587
917 809
917 917
918 153
918 366
918 582
918 810
918 918
919 153
919 367
919 583
919 811
919 919
920 153
920 368
920 584
920 812
920 920
921 153
921 369
921 585
921 813
921 921
922 153
922 370
922 586
922 814
922 922
923 153
923 371
923 587
923 815
923 923
924 154
924 366
924 582
924 816
924 924
925 154
925 367
925 583
925 817
925 925
926 154
926 368
926 584
926 818
926 926
927 154
927 369
927 585
927 819
927 927
928 154
928 370
928 586
928 820
928 928
929 154
929 371
929 587
929 821
929 929
930 155
930 366
930 582
930 822
930 930
931 155
931 367
931 583
931 823
931 931
932 155
932 368
932 584
932 824
932 932
933 155
933 369
933 585
933 825
933 933
934 155
934 370
934 586
934 826
934 934
935 155
935 371
935 587
935 827
935 935
936 156
936 372
936 588
936 792
936 936
937 156
937 373
937 589
937 793
937 937
938 156
938 374
938 590
938 794
938 938
939 156
939 375
939 591
939 795
939 939
940 156
940 376
940 592
940 796
940 940
941 156
941 377
941 593
941 797
941 941
942 157
942 372
942 588
942 798
942 942
943 157
943 373
943 589
943 799
943 943
944 157
944 374
944 590
944 800
944 944
945 157
945 375
945 591
945 801
945 945
946 157
946 376
946 592
946 802
946 946
947 157
947 377
947 593
947 803
947 947
948 158
948 372
948 588
948 804
948 948
949 158
949 373
949 589
949 805
949 949
950 158
950 374
950 590
950 806
950 950
951 158
951 375
951 591
951 807
951 951
952 158
952 376
952 592
952 808
952 952
953 158
953 377
953 593
953 809
953 953
954 159
954 372
954 588
954 810
954 954
955 159
955 373
955 589
955 811
955 955
956 159
956 374
956 590
956 812
956 956
957 159
957 375
957 591
957 813
957 957
958 159
958 376
958 592
958 814
958 958
959 159
959 377
959 593
959 815
959 959
960 160
960 372
960 588
960 816
960 960
961 160
961 373
961 589
961 817
961 961
962 160
962 374
962 590
962 818
962 962
963 160
963 375
963 591
963 819
963 963
964 160
964 376
964 592
964 820
964 964
965 160
965 377
965 593
965 821
965 965
966 161
966 372
966 588
966 822
966 966
967 161
967 373
967 589
967 823
967 967
968 161
968 374
968 590
968 824
968 968
969 161
969 375
969 591
969 825
969 969
970 161
970 376
970 592
970 826
970 970
971 161
971 377
971 593
971 827
971 971
972 162
972 378
972 594
972 792
972 972
973 162
973 379
973 595
973 793
973 973
974 162
974 380
974 596
974 794
974 974
975 162
975 381
975 597
975 795
975 975
976 162
976 382
976 598
976 796
976 976
977 162
977 383
977 599
977 797
977 977
978 163
978 378
978 594
978 798
978 978
979 163
979 379
979 595
979 799
979 979
980 163
980 380
980 596
980 800
980 980
981 163
981 381
981 597
981 801
981 981
982 163
982 382
982 598
982 802
982 982
983 163
983 383
983 599
983 803
983 983
984 164
984 378
984 594
984 804
984 984
985 164
985 379
985 595
985 805
985 985
986 164
986 380
986 596
986 806
986 986
987 164
987 381
987 597
987 807
987 987
988 164
988 382
988 598
988 808
988 988
989 164
989 383
989 599
989 809
989 989
990 165
990 378
990 594
990 810
990 990
991 165
991 379
991 595
991 811
991 991
992 165
992 380
992 596
992 812
992 992
993 165
993 381
993 597
993 813
993 993
994 165
994 382
994 598
994 814
994 994
995 165
995 383
995 599
995 815
995 995
996 166
996 378
996 594
996 816
996 996
997 166
997 379
997 595
997 817
997 997
998 166
998 380
998 596
998 818
998 998
999 166
999 381
999 597
999 819
999 999
1000 166
1000 382
1000 598
1000 820
1000 1000
1001 166
1001 383
1001 599
1001 821
1001 1001
1002 167
1002 378
1002 594
1002 822
1002 1002
1003 167
1003 379
1003 595
1003 823
1003 1003
1004 167
1004 380
1004 596
1004 824
1004 1004
1005 167
1005 381
1005 597
1005 825
1005 1005
1006 167
1006 382
1006 598
1006 826
1006 1006
1007 167
1007 383
1007 599
1007 827
1007 1007
1008 168
1008 384
1008 600
1008 792
1008 1008
1009 168
1009 385
1009 601
1009 793
1009 1009
1010 168
1010 386
1010 602
1010 794
1010 1010
1011 168
1011 387
1011 603
1011 795
1011 1011
1012 168
1012 388
1012 604
1012 796
1012 1012
1013 168
1013 389
1013 605
1013 797
1013 1013
1014 169
1014 384
1014 600
1014 798
1014 1014
1015 169
1015 385
1015 601
1015 799
1015 1015
1016 169
1016 386
1016 602
1016 800
1016 1016
1017 169
1017 387
1017 603
1017 801
1017 1017
1018 169
1018 388
1018 604
1018 802
1018 1018
1019 169
1019 389
1019 605
1019 803
1019 1019
1020 170
1020 384
1020 600
1020 804
1020 1020
1021 170
1021 385
1021 601
1021 805
1021 1021
1022 170
1022 386
1022 602
1022 806
1022 1022
1023 170
1023 387
1023 603
1023 807
1023 1023
1024 170
1024 388
1024 604
1024 808
1024 1024
1025 170
1025 389
1025 605
1025 809
1025 1025
1026 171
1026 384
1026 600
1026 810
1026 1026
1027 171
1027 385
1027 601
1027 811
1027 1027
1028 171
1028 386
1028 602
1028 812
1028 1028
1029 171
1029 387
1029 603
1029 813
1029 1029
1030 171
1030 388
1030 604
1030 814
1030 1030
1031 171
1031 389
1031 605
1031 815
1031 1031
1032 172
1032 384
1032 600
1032 816
1032 1032
1033 172
1033 385
1033 601
1033 817
1033 1033
1034 172
1034 386
1034 602
1034 818
1034 1034
1035 172
1035 387
1035 603
1035 819
1035 1035
1036 172
1036 388
1036 604
1036 820
1036 1036
1037 172
1037 389
1037 605
1037 821
1037 1037
1038 173
1038 384
1038 600
1038 822
1038 1038
1039 173
1039 385
1039 601
1039 823
1039 1039
1040 173
1040 386
1040 602
1040 824
1040 1040
1041 173
1041 387
1041 603
1041 825
1041 1041
1042 173
1042 388
1042 604
1042 826
1042 1042
1043 173
1043 389
1043 605
1043 827
1043 1043
1044 174
1044 390
1044 606
1044 792
1044 1044
1045 174
1045 391
1045 607
1045 793
1045 1045
1046 174
1046 392
1046 608
1046 794
1046 1046
1047 174
1047 393
1047 609
1047 795
1047 1047
1048 174
1048 394
1048 610
1048 796
1048 1048
1049 174
1049 395
1049 611
1049 797
1049 1049
1050 175
1050 390
1050 606
1050 798
1050 1050
1051 175
1051 391
1051 607
1051 799
1051 1051
1052 175
1052 392
1052 608
1052 800
1052 1052
1053 175
1053 393
1053 609
1053 801
1053 1053
1054 175
1054 394
1054 610
1054 802
1054 1054
1055 175
1055 395
1055 611
1055 803
1055 1055
1056 176
1056 390
1056 606
1056 804
1056 1056
1057 176
1057 391
1057 607
1057 805
1057 1057
1058 176
1058 392
1058 608
1058 806
1058 1058
1059 176
1059 393
1059 609
1059 807
1059 1059
1060 176
1060 394
1060 610
1060 808
1060 1060
1061 176
1061 395
1061 611
1061 809
1061 1061
1062 177
1062 390
1062 606
1062 810
1062 1062
1063 177
1063 391
1063 607
1063 811
1063 1063
1064 177
1064 392
1064 608
1064 812
1064 1064
1065 177
1065 393
1065 609
1065 813
1065 1065
1066 177
1066 394
1066 610
1066 814
1066 1066
1067 177
1067 395
1067 611
1067 815
1067 1067
1068 178
1068 390
1068 606
1068 816
1068 1068
1069 178
1069 391
1069 607
1069 817
1069 1069
1070 178
1070 392
1070 608
1070 818
1070 1070
1071 178
1071 393
1071 609
1071 819
1071 1071
1072 178
1072 394
1072 610
1072 820
1072 1072
1073 178
1073 395
1073 611
1073 821
1073 1073
1074 179
1074 390
1074 606
1074 822
1074 1074
1075 179
1075 391
1075 607
1075 823
1075 1075
1076 179
1076 392
1076 608
1076 824
1076 1076
1077 179
1077 393
1077 609
1077 825
1077 1077
1078 179
1078 394
1078 610
1078 826
1078 1078
1079 179
1079 395
1079 611
1079 827
1079 1079
1080 180
1080 396
1080 612
1080 828
1080 864
1081 180
1081 397
1081 613
1081 829
1081 865
1082 180
1082 398
1082 614
1082 830
1082 866
1083 180
1083 399
1083 615
1083 831
1083 867
1084 180
1084 400
1084 616
1084 832
1084 868
1085 180
1085 401
1085 617
1085 833
1085 869
1086 181
1086 396
1086 612
1086 834
1086 870
1087 181
1087 397
1087 613
1087 835
1087 871
1088 181
1088 398
1088 614
1088 836
1088 872
1089 181
1089 399
1089 615
1089 837
1089 873
1090 181
1090 400
1090 616
1090 838
1090 874
1091 181
1091 401
1091 617
1091 839
1091 875
1092 182
1092 396
1092 612
1092 840
1092 876
1093 182
1093 397
1093 613
1093 841
1093 877
1094 182
1094 398
1094 614
1094 842
1094 878
1095 182
1095 399
1095 615
1095 843
1095 879
1096 182
1096 400
1096 616
1096 844
1096 880
1097 182
1097 401
1097 617
1097 845
1097 881
1098 183
1098 396
1098 612
1098 846
1098 882
1099 183
1099 397
1099 613
1099 847
1099 883
1100 183
1100 398
1100 614
1100 848
1100 884
1101 183
1101 399
1101 615
1101 849
1101 885
1102 183
1102 400
1102 616
1102 850
1102 886
1103 183
1103 401
1103 617
1103 851
1103 887
1104 184
1104 396
1104 612
1104 852
1104 888
1105 184
1105 397
1105 613
1105 853
1105 889
1106 184
1106 398
1106 614
1106 854
1106 890
1107 184
1107 399
1107 615
1107 855
1107 891
1108 184
1108 400
1108 616
1108 856
1108 892
1109 184
1109 401
1109 617
1109 857
1109 893
1110 185
1110 396
1110 612
1110 858
1110 894
1111 185
1111 397
1111 613
1111 859
1111 895
1112 185
1112 398
1112 614
1112 860
1112 896
1113 185
1113 399
1113 615
1113 861
1113 897
1114 185
1114 400
1114 616
1114 862
1114 898
1115 185
1115 401
1115 617
1115 863
1115 899
1116 186
1116 402
1116 618
1116 828
1116 900
1117 186
1117 403
1117 619
1117 829
1117 901
1118 186
1118 404
1118 620
1118 830
1118 902
1119 186
1119 405
1119 621
1119 831
1119 903
1120 186
1120 406
1120 622
1120 832
1120 904
1121 186
1121 407
1121 623
1121 833
1121 905
1122 187
1122 402
1122 618
1122 834
1122 906
1123 187
1123 403
1123 619
1123 835
1123 907
1124 187
1124 404
1124 620
1124 836
1124 908
1125 187
1125 405
1125 621
1125 837
1125 909
1126 187
1126 406
1126 622
1126 838
1126 910
1127 187
1127 407
1127 623
1127 839
1127 911
1128 188
1128 402
1128 618
1128 840
1128 912
1129 188
1129 403
1129 619
1129 841
1129 913
1130 188
1130 404
1130 620
1130 842
1130 914
1131 188
1131 405
1131 621
1131 843
1131 915
1132 188
1132 406
1132 622
1132 844
1132 916
1133 188
1133 407
1133 623
1133 845
1133 917
1134 189
1134 402
1134 618
1134 846
1134 918
1135 189
1135 403
1135 619
1135 847
1135 919
1136 189
1136 404
1136 620
1136 848
1136 920
1137 189
1137 405
1137 621
1137 849
1137 921
1138 189
1138 406
1138 622
1138 850
1138 922
1139 189
1139 407
1139 623
1139 851
1139 923
1140 190
1140 402
1140 618
1140 852
1140 924
1141 190
1141 403
1141 619
1141 853
1141 925
1142 190
1142 404
1142 620
1142 854
1142 926
1143 190
1143 405
1143 621
1143 855
1143 927
1144 190
1144 406
1144 622
1144 856
1144 928
1145 190
1145 407
1145 623
1145 857
1145 929
1146 191
1146 402
1146 618
1146 858
1146 930
1147 191
1147 403
1147 619
1147 859
1147 931
1148 191
1148 404
1148 620
1148 860
1148 932
1149 191
1149 405
1149 621
1149 861
1149 933
1150 191
1150 406
1150 622
1150 862
1150 934
1151 191
1151 407
1151 623
1151 863
1151 935
1152 192
1152 408
1152 624
1152 828
1152 936
1153 192
1153 409
1153 625
1153 829
1153 937
1154 192
1154 410
1154 626
1154 830
1154 938
1155 192
1155 411
1155 627
1155 831
1155 939
1156 192
1156 412
1156 628
1156 832
1156 940
1157 192
1157 413
1157 629
1157 833
1157 941
1158 193
1158 408
1158 624
1158 834
1158 942
1159 193
1159 409
1159 625
1159 835
1159 943
1160 193
1160 410
1160 626
1160 836
1160 944
1161 193
1161 411
1161 627
1161 837
1161 945
1162 193
1162 412
1162 628
1162 838
1162 946
1163 193
1163 413
1163 629
1163 839
1163 947
1164 194
1164 408
1164 624
1164 840
1164 948
1165 194
1165 409
1165 625
1165 841
1165 949
1166 194
1166 410
1166 626
1166 842
1166 950
1167 194
1167 411
1167 627
1167 843
1167 951
1168 194
1168 412
1168 628
1168 844
1168 952
1169 194
1169 413
1169 629
1169 845
1169 953
1170 195
1170 408
1170 624
1170 846
1170 954
1171 195
1171 409
1171 625
1171 847
1171 955
1172 195
1172 410
1172 626
1172 848
1172 956
1173 195
1173 411
1173 627
1173 849
1173 957
1174 195
1174 412
1174 628
1174 850
1174 958
1175 195
1175 413
1175 629
1175 851
1175 959
1176 196
1176 408
1176 624
1176 852
1176 960
1177 196
1177 409
1177 625
1177 853
1177 961
1178 196
1178 410
1178 626
1178 854
1178 962
1179 196
1179 411
1179 627
1179 855
1179 963
1180 196
1180 412
1180 628
1180 856
1180 964
1181 196
1181 413
1181 629
1181 857
1181 965
1182 197
1182 408
1182 624
1182 858
1182 966
1183 197
1183 409
1183 625
1183 859
1183 967
1184 197
1184 410
1184 626
1184 860
1184 968
1185 197
1185 411
1185 627
1185 861
1185 969
1186 197
1186 412
1186 628
1186 862
1186 970
1187 197
1187 413
1187 629
1187 863
1187 971
1188 198
1188 414
1188 630
1188 828
1188 972
1189 198
1189 415
1189 631
1189 829
1189 973
1190 198
1190 416
1190 632
1190 830
1190 974
1191 198
1191 417
1191 633
1191 831
1191 975
1192 198
1192 418
1192 634
1192 832
1192 976
1193 198
1193 419
1193 635
1193 833
1193 977
1194 199
1194 414
1194 630
1194 834
1194 978
1195 199
1195 415
1195 631
1195 835
1195 979
1196 199
1196 416
1196 632
1196 836
1196 980
1197 199
1197 417
1197 633
1197 837
1197 981
1198 199
1198 418
1198 634
1198 838
1198 982
1199 199
1199 419
1199 635
1199 839
1199 983
1200 200
1200 414
1200 630
1200 840
1200 984
1201 200
1201 415
1201 631
1201 841
1201 985
1202 200
1202 416
1202 632
1202 842
1202 986
1203 200
1203 417
1203 633
1203 843
1203 987
1204 200
1204 418
1204 634
1204 844
1204 988
1205 200
1205 419
1205 635
1205 845
1205 989
1206 201
1206 414
1206 630
1206 846
1206 990
1207 201
1207 415
1207 631
1207 847
1207 991
1208 201
1208 416
1208 632
1208 848
1208 992
1209 201
1209 417
1209 633
1209 849
1209 993
1210 201
1210 418
1210 634
1210 850
1210 994
1211 201
1211 419
1211 635
1211 851
1211 995
1212 202
1212 414
1212 630
1212 852
1212 996
1213 202
1213 415
1213 631
1213 853
1213 997
1214 202
1214 416
1214 632
1214 854
1214 998
1215 202
1215 417
1215 633
1215 855
1215 999
1216 202
1216 418
1216 634
1216 856
1216 1000
1217 202
1217 419
1217 635
1217 857
1217 1001
1218 203
1218 414
1218 630
1218 858
1218 1002
1219 203
1219 415
1219 631
1219 859
1219 1003
1220 203
1220 416
1220 632
1220 860
1220 1004
1221 203
1221 417
1221 633
1221 861
1221 1005
1222 203
1222 418
1222 634
1222 862
1222 1006
1223 203
1223 419
1223 635
1223 863
1223 1007
1224 204
1224 420
1224 636
1224 828
1224 1008
1225 204
1225 421
1225 637
1225 829
1225 1009
1226 204
1226 422
1226 638
1226 830
1226 1010
1227 204
1227 423
1227 639
1227 831
1227 1011
1228 204
1228 424
1228 640
1228 832
1228 1012
1229 204
1229 425
1229 641
1229 833
1229 1013
1230 205
1230 420
1230 636
1230 834
1230 1014
1231 205
1231 421
1231 637
1231 835
1231 1015
1232 205
1232 422
1232 638
1232 836
1232 1016
1233 205
1233 423
1233 639
1233 837
1233 1017
1234 205
1234 424
1234 640
1234 838
1234 1018
1235 205
1235 425
1235 641
1235 839
1235 1019
1236 206
1236 420
1236 636
1236 840
1236 1020
1237 206
1237 421
1237 637
1237 841
1237 1021
1238 206
1238 422
1238 638
1238 842
1238 1022
1239 206
1239 423
1239 639
1239 843
1239 1023
1240 206
1240 424
1240 640
1240 844
1240 1024
1241 206
1241 425
1241 641
1241 845
1241 1025
1242 207
1242 420
1242 636
1242 846
1242 1026
1243 207
1243 421
1243 637
1243 847
1243 1027
1244 207
1244 422
1244 638
1244 848
1244 1028
1245 207
1245 423
1245 639
1245 849
1245 1029
1246 207
1246 424
1246 640
1246 850
1246 1030
1247 207
1247 425
1247 641
1247 851
1247 1031
1248 208
1248 420
1248 636
1248 852
1248 1032
1249 208
1249 421
1249 637
1249 853
1249 1033
1250 208
1250 422
1250 638
1250 854
1250 1034
1251 208
1251 423
1251 639
1251 855
1251 1035
1252 208
1252 424
1252 640
1252 856
1252 1036
1253 208
1253 425
1253 641
1253 857
1253 1037
1254 209
1254 420
1254 636
1254 858
1254 1038
1255 209
1255 421
1255 637
1255 859
1255 1039
1256 209
1256 422
1256 638
1256 860
1256 1040
1257 209
1257 423
1257 639
1257 861
1257 1041
1258 209
1258 424
1258 640
1258 862
1258 1042
1259 209
1259 425
1259 641
1259 863
1259 1043
1260 210
1260 426
1260 642
1260 828
1260 1044
1261 210
1261 427
1261 643
1261 829
1261 1045
1262 210
1262 428
1262 644
1262 830
1262 1046
1263 210
1263 429
1263 645
1263 831
1263 1047
1264 210
1264 430
1264 646
1264 832
1264 1048
1265 210
1265 431
1265 647
1265 833
1265 1049
1266 211
1266 426
1266 642
1266 834
1266 1050
1267 211
1267 427
1267 643
1267 835
1267 1051
1268 211
1268 428
1268 644
1268 836
1268 1052
1269 211
1269 429
1269 645
1269 837
1269 1053
1270 211
1270 430
1270 646
1270 838
1270 1054
1271 211
1271 431
1271 647
1271 839
1271 1055
1272 212
1272 426
1272 642
1272 840
1272 1056
1273 212
1273 427
1273 643
1273 841
1273 1057
1274 212
1274 428
1274 644
1274 842
1274 1058
1275 212
1275 429
1275 645
1275 843
1275 1059
1276 212
1276 430
1276 646
1276 844
1276 1060
1277 212
1277 431
1277 647
1277 845
1277 1061
1278 213
1278 426
1278 642
1278 846
1278 1062
1279 213
1279 427
1279 643
1279 847
1279 1063
1280 213
1280 428
1280 644
1280 848
1280 1064
1281 213
1281 429
1281 645
1281 849
1281 1065
1282 213
1282 430
1282 646
1282 850
1282 1066
1283 213
1283 431
1283 647
1283 851
1283 1067
1284 214
1284 426
1284 642
1284 852
1284 1068
1285 214
1285 427
1285 643
1285 853
1285 1069
1286 214
1286 428
1286 644
1286 854
1286 1070
1287 214
1287 429
1287 645
1287 855
1287 1071
1288 214
1288 430
1288 646
1288 856
1288 1072
1289 214
1289 431
1289 647
1289 857
1289 1073
1290 215
1290 426
1290 642
1290 858
1290 1074
1291 215
1291 427
1291 643
1291 859
1291 1075
1292 215
1292 428
1292 644
1292 860
1292 1076
1293 215
1293 429
1293 645
1293 861
1293 1077
1294 215
1294 430
1294 646
1294 862
1294 1078
1295 215
1295 431
1295 647
1295 863
1295 1079
