0 0
0 9
0 18
1 0
1 10
1 19
2 0
2 11
2 20
3 0
3 12
3 21
4 0
4 13
4 22
5 0
5 14
5 23
6 0
6 15
6 24
7 0
7 16
7 25
8 0
8 17
8 26
9 1
9 9
9 18
10 1
10 10
10 19
11 1
11 11
11 20
12 1
12 12
12 21
13 1
13 13
13 22
14 1
14 14
14 23
15 1
15 15
15 24
16 1
16 16
16 25
17 1
17 17
17 26
18 2
18 9
18 18
19 2
19 10
19 19
20 2
20 11
20 20
21 2
21 12
21 21
22 2
22 13
22 22
23 2
23 14
23 23
24 2
24 15
24 24
25 2
25 16
25 25
26 2
26 17
26 26
27 3
27 9
27 18
28 3
28 10
28 19
29 3
29 11
29 20
30 3
30 12
30 21
31 3
31 13
31 22
32 3
32 14
32 23
33 3
33 15
33 24
34 3
34 16
34 25
35 3
35 17
35 26
36 4
36 9
36 18
37 4
37 10
37 19
38 4
38 11
38 20
39 4
39 12
39 21
40 4
40 13
40 22
41 4
41 14
41 23
42 4
42 15
42 24
43 4
43 16
43 25
44 4
44 17
44 26
45 5
45 9
45 18
46 5
46 10
46 19
47 5
47 11
47 20
48 5
48 12
48 21
49 5
49 13
49 22
50 5
50 14
50 23
51 5
51 15
51 24
52 5
52 16
52 25
53 5
53 17
53 26
54 6
54 9
54 18
55 6
55 10
55 19
56 6
56 11
56 20
57 6
57 12
57 21
58 6
58 13
58 22
59 6
59 14
59 23
60 6
60 15
60 24
61 6
61 16
61 25
62 6
62 17
62 26
63 7
63 9
63 18
64 7
64 10
64 19
65 7
65 11
65 20
66 7
66 12
66 21
67 7
67 13
67 22
68 7
68 14
68 23
69 7
69 15
69 24
70 7
70 16
70 25
71 7
71 17
71 26
72 8
72 9
72 18
73 8
73 10
73 19
74 8
74 11
74 20
75 8
75 12
75 21
76 8
76 13
76 22
77 8
77 14
77 23
78 8
78 15
78 24
79 8
79 16
79 25
80 8
80 17
80 26
