0 0
0 12
0 55
1 1
1 12
1 24
1 56
2 2
2 12
2 25
2 57
3 3
3 12
3 26
3 58
4 4
4 12
4 27
4 59
5 5
5 12
5 28
5 60
6 6
6 12
6 29
6 61
7 7
7 12
7 30
7 62
8 8
8 12
8 31
8 63
9 9
9 12
9 32
9 64
10 10
10 12
10 33
10 65
11 11
11 12
11 34
12 0
12 13
12 24
12 54
13 1
13 13
13 25
13 55
14 2
14 13
14 26
14 56
15 3
15 13
15 27
15 57
16 4
16 13
16 28
16 58
17 5
17 13
17 29
17 59
18 6
18 13
18 30
18 60
19 7
19 13
19 31
19 61
20 8
20 13
20 32
20 62
21 9
21 13
21 33
21 63
22 10
22 13
22 34
22 64
23 11
23 13
23 35
23 65
24 0
24 14
24 25
24 53
25 1
25 14
25 26
25 54
26 2
26 14
26 27
26 55
27 3
27 14
27 28
27 56
28 4
28 14
28 29
28 57
29 5
29 14
29 30
29 58
30 6
30 14
30 31
30 59
31 7
31 14
31 32
31 60
32 8
32 14
32 33
32 61
33 9
33 14
33 34
33 62
34 10
34 14
34 35
34 63
35 11
35 14
35 36
35 64
36 0
36 15
36 26
36 52
37 1
37 15
37 27
37 53
38 2
38 15
38 28
38 54
39 3
39 15
39 29
39 55
40 4
40 15
40 30
40 56
41 5
41 15
41 31
41 57
42 6
42 15
42 32
42 58
43 7
43 15
43 33
43 59
44 8
44 15
44 34
44 60
45 9
45 15
45 35
45 61
46 10
46 15
46 36
46 62
47 11
47 15
47 37
47 63
48 0
48 16
48 27
48 51
49 1
49 16
49 28
49 52
50 2
50 16
50 29
50 53
51 3
51 16
51 30
51 54
52 4
52 16
52 31
52 55
53 5
53 16
53 32
53 56
54 6
54 16
54 33
54 57
55 7
55 16
55 34
55 58
56 8
56 16
56 35
56 59
57 9
57 16
57 36
57 60
58 10
58 16
58 37
58 61
59 11
59 16
59 38
59 62
60 0
60 17
60 28
60 50
61 1
61 17
61 29
61 51
62 2
62 17
62 30
62 52
63 3
63 17
63 31
63 53
64 4
64 17
64 32
64 54
65 5
65 17
65 33
65 55
66 6
66 17
66 34
66 56
67 7
67 17
67 35
67 57
68 8
68 17
68 36
68 58
69 9
69 17
69 37
69 59
70 10
70 17
70 38
70 60
71 11
71 17
71 39
71 61
72 0
72 18
72 29
72 49
73 1
73 18
73 30
73 50
74 2
74 18
74 31
74 51
75 3
75 18
75 32
75 52
76 4
76 18
76 33
76 53
77 5
77 18
77 34
77 54
78 6
78 18
78 35
78 55
79 7
79 18
79 36
79 56
80 8
80 18
80 37
80 57
81 9
81 18
81 38
81 58
82 10
82 18
82 39
82 59
83 11
83 18
83 40
83 60
84 0
84 19
84 30
84 48
85 1
85 19
85 31
85 49
86 2
86 19
86 32
86 50
87 3
87 19
87 33
87 51
88 4
88 19
88 34
88 52
89 5
89 19
89 35
89 53
90 6
90 19
90 36
90 54
91 7
91 19
91 37
91 55
92 8
92 19
92 38
92 56
93 9
93 19
93 39
93 57
94 10
94 19
94 40
94 58
95 11
95 19
95 41
95 59
96 0
96 20
96 31
96 47
97 1
97 20
97 32
97 48
98 2
98 20
98 33
98 49
99 3
99 20
99 34
99 50
100 4
100 20
100 35
100 51
101 5
101 20
101 36
101 52
102 6
102 20
102 37
102 53
103 7
103 20
103 38
103 54
104 8
104 20
104 39
104 55
105 9
105 20
105 40
105 56
106 10
106 20
106 41
106 57
107 11
107 20
107 42
107 58
108 0
108 21
108 32
108 46
109 1
109 21
109 33
109 47
110 2
110 21
110 34
110 48
111 3
111 21
111 35
111 49
112 4
112 21
112 36
112 50
113 5
113 21
113 37
113 51
114 6
114 21
114 38
114 52
115 7
115 21
115 39
115 53
116 8
116 21
116 40
116 54
117 9
117 21
117 41
117 55
118 10
118 21
118 42
118 56
119 11
119 21
119 43
119 57
120 0
120 22
120 33
120 45
121 1
121 22
121 34
121 46
122 2
122 22
122 35
122 47
123 3
123 22
123 36
123 48
124 4
124 22
124 37
124 49
125 5
125 22
125 38
125 50
126 6
126 22
126 39
126 51
127 7
127 22
127 40
127 52
128 8
128 22
128 41
128 53
129 9
129 22
129 42
129 54
130 10
130 22
130 43
130 55
131 11
131 22
131 44
131 56
132 0
132 23
132 34
133 1
133 23
133 35
133 45
134 2
134 23
134 36
134 46
135 3
135 23
135 37
135 47
136 4
136 23
136 38
136 48
137 5
137 23
137 39
137 49
138 6
138 23
138 40
138 50
139 7
139 23
139 41
139 51
140 8
140 23
140 42
140 52
141 9
141 23
141 43
141 53
142 10
142 23
142 44
142 54
143 11
143 23
143 55
