0 0
0 14
0 90
1 1
1 14
1 28
1 91
2 2
2 14
2 29
2 92
3 3
3 14
3 30
3 93
4 4
4 14
4 31
4 94
5 5
5 14
5 32
5 95
6 6
6 14
6 33
6 96
7 7
7 14
7 34
7 97
8 8
8 14
8 35
8 98
9 9
9 14
9 36
9 99
10 10
10 14
10 37
10 100
11 11
11 14
11 38
11 101
12 12
12 14
12 39
12 102
13 13
13 14
13 40
14 0
14 15
14 28
14 89
15 1
15 15
15 29
15 90
16 2
16 15
16 30
16 91
17 3
17 15
17 31
17 92
18 4
18 15
18 32
18 93
19 5
19 15
19 33
19 94
20 6
20 15
20 34
20 95
21 7
21 15
21 35
21 96
22 8
22 15
22 36
22 97
23 9
23 15
23 37
23 98
24 10
24 15
24 38
24 99
25 11
25 15
25 39
25 100
26 12
26 15
26 40
26 101
27 13
27 15
27 41
27 102
28 0
28 16
28 29
28 88
29 1
29 16
29 30
29 89
30 2
30 16
30 31
30 90
31 3
31 16
31 32
31 91
32 4
32 16
32 33
32 92
33 5
33 16
33 34
33 93
34 6
34 16
34 35
34 94
35 7
35 16
35 36
35 95
36 8
36 16
36 37
36 96
37 9
37 16
37 38
37 97
38 10
38 16
38 39
38 98
39 11
39 16
39 40
39 99
40 12
40 16
40 41
40 100
41 13
41 16
41 42
41 101
42 0
42 17
42 30
42 87
43 1
43 17
43 31
43 88
44 2
44 17
44 32
44 89
45 3
45 17
45 33
45 90
46 4
46 17
46 34
46 91
47 5
47 17
47 35
47 92
48 6
48 17
48 36
48 93
49 7
49 17
49 37
49 94
50 8
50 17
50 38
50 95
51 9
51 17
51 39
51 96
52 10
52 17
52 40
52 97
53 11
53 17
53 41
53 98
54 12
54 17
54 42
54 99
55 13
55 17
55 43
55 100
56 0
56 18
56 31
56 86
57 1
57 18
57 32
57 87
58 2
58 18
58 33
58 88
59 3
59 18
59 34
59 89
60 4
60 18
60 35
60 90
61 5
61 18
61 36
61 91
62 6
62 18
62 37
62 92
63 7
63 18
63 38
63 93
64 8
64 18
64 39
64 94
65 9
65 18
65 40
65 95
66 10
66 18
66 41
66 96
67 11
67 18
67 42
67 97
68 12
68 18
68 43
68 98
69 13
69 18
69 44
69 99
70 0
70 19
70 32
70 85
71 1
71 19
71 33
71 86
72 2
72 19
72 34
72 87
73 3
73 19
73 35
73 88
74 4
74 19
74 36
74 89
75 5
75 19
75 37
75 90
76 6
76 19
76 38
76 91
77 7
77 19
77 39
77 92
78 8
78 19
78 40
78 93
79 9
79 19
79 41
79 94
80 10
80 19
80 42
80 95
81 11
81 19
81 43
81 96
82 12
82 19
82 44
82 97
83 13
83 19
83 45
83 98
84 0
84 20
84 33
84 84
85 1
85 20
85 34
85 85
86 2
86 20
86 35
86 86
87 3
87 20
87 36
87 87
88 4
88 20
88 37
88 88
89 5
89 20
89 38
89 89
90 6
90 20
90 39
90 90
91 7
91 20
91 40
91 91
92 8
92 20
92 41
92 92
93 9
93 20
93 42
93 93
94 10
94 20
94 43
94 94
95 11
95 20
95 44
95 95
96 12
96 20
96 45
96 96
97 13
97 20
97 46
97 97
98 0
98 21
98 34
98 83
99 1
99 21
99 35
99 84
100 2
100 21
100 36
100 85
101 3
101 21
101 37
101 86
102 4
102 21
102 38
102 87
103 5
103 21
103 39
103 88
104 6
104 21
104 40
104 89
105 7
105 21
105 41
105 90
106 8
106 21
106 42
106 91
107 9
107 21
107 43
107 92
108 10
108 21
108 44
108 93
109 11
109 21
109 45
109 94
110 12
110 21
110 46
110 95
111 13
111 21
111 47
111 96
112 0
112 22
112 35
112 82
113 1
113 22
113 36
113 83
114 2
114 22
114 37
114 84
115 3
115 22
115 38
115 85
116 4
116 22
116 39
116 86
117 5
117 22
117 40
117 87
118 6
118 22
118 41
118 88
119 7
119 22
119 42
119 89
120 8
120 22
120 43
120 90
121 9
121 22
121 44
121 91
122 10
122 22
122 45
122 92
123 11
123 22
123 46
123 93
124 12
124 22
124 47
124 94
125 13
125 22
125 48
125 95
126 0
126 23
126 36
126 81
127 1
127 23
127 37
127 82
128 2
128 23
128 38
128 83
129 3
129 23
129 39
129 84
130 4
130 23
130 40
130 85
131 5
131 23
131 41
131 86
132 6
132 23
132 42
132 87
133 7
133 23
133 43
133 88
134 8
134 23
134 44
134 89
135 9
135 23
135 45
135 90
136 10
136 23
136 46
136 91
137 11
137 23
137 47
137 92
138 12
138 23
138 48
138 93
139 13
139 23
139 49
139 94
140 0
140 24
140 37
140 80
141 1
141 24
141 38
141 81
142 2
142 24
142 39
142 82
143 3
143 24
143 40
143 83
144 4
144 24
144 41
144 84
145 5
145 24
145 42
145 85
146 6
146 24
146 43
146 86
147 7
147 24
147 44
147 87
148 8
148 24
148 45
148 88
149 9
149 24
149 46
149 89
150 10
150 24
150 47
150 90
151 11
151 24
151 48
151 91
152 12
152 24
152 49
152 92
153 13
153 24
153 50
153 93
154 0
154 25
154 38
154 79
155 1
155 25
155 39
155 80
156 2
156 25
156 40
156 81
157 3
157 25
157 41
157 82
158 4
158 25
158 42
158 83
159 5
159 25
159 43
159 84
160 6
160 25
160 44
160 85
161 7
161 25
161 45
161 86
162 8
162 25
162 46
162 87
163 9
163 25
163 47
163 88
164 10
164 25
164 48
164 89
165 11
165 25
165 49
165 90
166 12
166 25
166 50
166 91
167 13
167 25
167 51
167 92
168 0
168 26
168 39
168 78
169 1
169 26
169 40
169 79
170 2
170 26
170 41
170 80
171 3
171 26
171 42
171 81
172 4
172 26
172 43
172 82
173 5
173 26
173 44
173 83
174 6
174 26
174 45
174 84
175 7
175 26
175 46
175 85
176 8
176 26
176 47
176 86
177 9
177 26
177 48
177 87
178 10
178 26
178 49
178 88
179 11
179 26
179 50
179 89
180 12
180 26
180 51
180 90
181 13
181 26
181 52
181 91
182 0
182 27
182 40
183 1
183 27
183 41
183 78
184 2
184 27
184 42
184 79
185 3
185 27
185 43
185 80
186 4
186 27
186 44
186 81
187 5
187 27
187 45
187 82
188 6
188 27
188 46
188 83
189 7
189 27
189 47
189 84
190 8
190 27
190 48
190 85
191 9
191 27
191 49
191 86
192 10
192 27
192 50
192 87
193 11
193 27
193 51
193 88
194 12
194 27
194 52
194 89
195 13
195 27
195 90
