0 0
0 15
0 97
1 1
1 15
1 30
1 98
2 2
2 15
2 31
2 99
3 3
3 15
3 32
3 100
4 4
4 15
4 33
4 101
5 5
5 15
5 34
5 102
6 6
6 15
6 35
6 103
7 7
7 15
7 36
7 104
8 8
8 15
8 37
8 105
9 9
9 15
9 38
9 106
10 10
10 15
10 39
10 107
11 11
11 15
11 40
11 108
12 12
12 15
12 41
12 109
13 13
13 15
13 42
13 110
14 14
14 15
14 43
15 0
15 16
15 30
15 96
16 1
16 16
16 31
16 97
17 2
17 16
17 32
17 98
18 3
18 16
18 33
18 99
19 4
19 16
19 34
19 100
20 5
20 16
20 35
20 101
21 6
21 16
21 36
21 102
22 7
22 16
22 37
22 103
23 8
23 16
23 38
23 104
24 9
24 16
24 39
24 105
25 10
25 16
25 40
25 106
26 11
26 16
26 41
26 107
27 12
27 16
27 42
27 108
28 13
28 16
28 43
28 109
29 14
29 16
29 44
29 110
30 0
30 17
30 31
30 95
31 1
31 17
31 32
31 96
32 2
32 17
32 33
32 97
33 3
33 17
33 34
33 98
34 4
34 17
34 35
34 99
35 5
35 17
35 36
35 100
36 6
36 17
36 37
36 101
37 7
37 17
37 38
37 102
38 8
38 17
38 39
38 103
39 9
39 17
39 40
39 104
40 10
40 17
40 41
40 105
41 11
41 17
41 42
41 106
42 12
42 17
42 43
42 107
43 13
43 17
43 44
43 108
44 14
44 17
44 45
44 109
45 0
45 18
45 32
45 94
46 1
46 18
46 33
46 95
47 2
47 18
47 34
47 96
48 3
48 18
48 35
48 97
49 4
49 18
49 36
49 98
50 5
50 18
50 37
50 99
51 6
51 18
51 38
51 100
52 7
52 18
52 39
52 101
53 8
53 18
53 40
53 102
54 9
54 18
54 41
54 103
55 10
55 18
55 42
55 104
56 11
56 18
56 43
56 105
57 12
57 18
57 44
57 106
58 13
58 18
58 45
58 107
59 14
59 18
59 46
59 108
60 0
60 19
60 33
60 93
61 1
61 19
61 34
61 94
62 2
62 19
62 35
62 95
63 3
63 19
63 36
63 96
64 4
64 19
64 37
64 97
65 5
65 19
65 38
65 98
66 6
66 19
66 39
66 99
67 7
67 19
67 40
67 100
68 8
68 19
68 41
68 101
69 9
69 19
69 42
69 102
70 10
70 19
70 43
70 103
71 11
71 19
71 44
71 104
72 12
72 19
72 45
72 105
73 13
73 19
73 46
73 106
74 14
74 19
74 47
74 107
75 0
75 20
75 34
75 92
76 1
76 20
76 35
76 93
77 2
77 20
77 36
77 94
78 3
78 20
78 37
78 95
79 4
79 20
79 38
79 96
80 5
80 20
80 39
80 97
81 6
81 20
81 40
81 98
82 7
82 20
82 41
82 99
83 8
83 20
83 42
83 100
84 9
84 20
84 43
84 101
85 10
85 20
85 44
85 102
86 11
86 20
86 45
86 103
87 12
87 20
87 46
87 104
88 13
88 20
88 47
88 105
89 14
89 20
89 48
89 106
90 0
90 21
90 35
90 91
91 1
91 21
91 36
91 92
92 2
92 21
92 37
92 93
93 3
93 21
93 38
93 94
94 4
94 21
94 39
94 95
95 5
95 21
95 40
95 96
96 6
96 21
96 41
96 97
97 7
97 21
97 42
97 98
98 8
98 21
98 43
98 99
99 9
99 21
99 44
99 100
100 10
100 21
100 45
100 101
101 11
101 21
101 46
101 102
102 12
102 21
102 47
102 103
103 13
103 21
103 48
103 104
104 14
104 21
104 49
104 105
105 0
105 22
105 36
105 90
106 1
106 22
106 37
106 91
107 2
107 22
107 38
107 92
108 3
108 22
108 39
108 93
109 4
109 22
109 40
109 94
110 5
110 22
110 41
110 95
111 6
111 22
111 42
111 96
112 7
112 22
112 43
112 97
113 8
113 22
113 44
113 98
114 9
114 22
114 45
114 99
115 10
115 22
115 46
115 100
116 11
116 22
116 47
116 101
117 12
117 22
117 48
117 102
118 13
118 22
118 49
118 103
119 14
119 22
119 50
119 104
120 0
120 23
120 37
120 89
121 1
121 23
121 38
121 90
122 2
122 23
122 39
122 91
123 3
123 23
123 40
123 92
124 4
124 23
124 41
124 93
125 5
125 23
125 42
125 94
126 6
126 23
126 43
126 95
127 7
127 23
127 44
127 96
128 8
128 23
128 45
128 97
129 9
129 23
129 46
129 98
130 10
130 23
130 47
130 99
131 11
131 23
131 48
131 100
132 12
132 23
132 49
132 101
133 13
133 23
133 50
133 102
134 14
134 23
134 51
134 103
135 0
135 24
135 38
135 88
136 1
136 24
136 39
136 89
137 2
137 24
137 40
137 90
138 3
138 24
138 41
138 91
139 4
139 24
139 42
139 92
140 5
140 24
140 43
140 93
141 6
141 24
141 44
141 94
142 7
142 24
142 45
142 95
143 8
143 24
143 46
143 96
144 9
144 24
144 47
144 97
145 10
145 24
145 48
145 98
146 11
146 24
146 49
146 99
147 12
147 24
147 50
147 100
148 13
148 24
148 51
148 101
149 14
149 24
149 52
149 102
150 0
150 25
150 39
150 87
151 1
151 25
151 40
151 88
152 2
152 25
152 41
152 89
153 3
153 25
153 42
153 90
154 4
154 25
154 43
154 91
155 5
155 25
155 44
155 92
156 6
156 25
156 45
156 93
157 7
157 25
157 46
157 94
158 8
158 25
158 47
158 95
159 9
159 25
159 48
159 96
160 10
160 25
160 49
160 97
161 11
161 25
161 50
161 98
162 12
162 25
162 51
162 99
163 13
163 25
163 52
163 100
164 14
164 25
164 53
164 101
165 0
165 26
165 40
165 86
166 1
166 26
166 41
166 87
167 2
167 26
167 42
167 88
168 3
168 26
168 43
168 89
169 4
169 26
169 44
169 90
170 5
170 26
170 45
170 91
171 6
171 26
171 46
171 92
172 7
172 26
172 47
172 93
173 8
173 26
173 48
173 94
174 9
174 26
174 49
174 95
175 10
175 26
175 50
175 96
176 11
176 26
176 51
176 97
177 12
177 26
177 52
177 98
178 13
178 26
178 53
178 99
179 14
179 26
179 54
179 100
180 0
180 27
180 41
180 85
181 1
181 27
181 42
181 86
182 2
182 27
182 43
182 87
183 3
183 27
183 44
183 88
184 4
184 27
184 45
184 89
185 5
185 27
185 46
185 90
186 6
186 27
186 47
186 91
187 7
187 27
187 48
187 92
188 8
188 27
188 49
188 93
189 9
189 27
189 50
189 94
190 10
190 27
190 51
190 95
191 11
191 27
191 52
191 96
192 12
192 27
192 53
192 97
193 13
193 27
193 54
193 98
194 14
194 27
194 55
194 99
195 0
195 28
195 42
195 84
196 1
196 28
196 43
196 85
197 2
197 28
197 44
197 86
198 3
198 28
198 45
198 87
199 4
199 28
199 46
199 88
200 5
200 28
200 47
200 89
201 6
201 28
201 48
201 90
202 7
202 28
202 49
202 91
203 8
203 28
203 50
203 92
204 9
204 28
204 51
204 93
205 10
205 28
205 52
205 94
206 11
206 28
206 53
206 95
207 12
207 28
207 54
207 96
208 13
208 28
208 55
208 97
209 14
209 28
209 56
209 98
210 0
210 29
210 43
211 1
211 29
211 44
211 84
212 2
212 29
212 45
212 85
213 3
213 29
213 46
213 86
214 4
214 29
214 47
214 87
215 5
215 29
215 48
215 88
216 6
216 29
216 49
216 89
217 7
217 29
217 50
217 90
218 8
218 29
218 51
218 91
219 9
219 29
219 52
219 92
220 10
220 29
220 53
220 93
221 11
221 29
221 54
221 94
222 12
222 29
222 55
222 95
223 13
223 29
223 56
223 96
224 14
224 29
224 97
