0 0
0 17
0 111
1 1
1 17
1 34
1 112
2 2
2 17
2 35
2 113
3 3
3 17
3 36
3 114
4 4
4 17
4 37
4 115
5 5
5 17
5 38
5 116
6 6
6 17
6 39
6 117
7 7
7 17
7 40
7 118
8 8
8 17
8 41
8 119
9 9
9 17
9 42
9 120
10 10
10 17
10 43
10 121
11 11
11 17
11 44
11 122
12 12
12 17
12 45
12 123
13 13
13 17
13 46
13 124
14 14
14 17
14 47
14 125
15 15
15 17
15 48
15 126
16 16
16 17
16 49
17 0
17 18
17 34
17 110
18 1
18 18
18 35
18 111
19 2
19 18
19 36
19 112
20 3
20 18
20 37
20 113
21 4
21 18
21 38
21 114
22 5
22 18
22 39
22 115
23 6
23 18
23 40
23 116
24 7
24 18
24 41
24 117
25 8
25 18
25 42
25 118
26 9
26 18
26 43
26 119
27 10
27 18
27 44
27 120
28 11
28 18
28 45
28 121
29 12
29 18
29 46
29 122
30 13
30 18
30 47
30 123
31 14
31 18
31 48
31 124
32 15
32 18
32 49
32 125
33 16
33 18
33 50
33 126
34 0
34 19
34 35
34 109
35 1
35 19
35 36
35 110
36 2
36 19
36 37
36 111
37 3
37 19
37 38
37 112
38 4
38 19
38 39
38 113
39 5
39 19
39 40
39 114
40 6
40 19
40 41
40 115
41 7
41 19
41 42
41 116
42 8
42 19
42 43
42 117
43 9
43 19
43 44
43 118
44 10
44 19
44 45
44 119
45 11
45 19
45 46
45 120
46 12
46 19
46 47
46 121
47 13
47 19
47 48
47 122
48 14
48 19
48 49
48 123
49 15
49 19
49 50
49 124
50 16
50 19
50 51
50 125
51 0
51 20
51 36
51 108
52 1
52 20
52 37
52 109
53 2
53 20
53 38
53 110
54 3
54 20
54 39
54 111
55 4
55 20
55 40
55 112
56 5
56 20
56 41
56 113
57 6
57 20
57 42
57 114
58 7
58 20
58 43
58 115
59 8
59 20
59 44
59 116
60 9
60 20
60 45
60 117
61 10
61 20
61 46
61 118
62 11
62 20
62 47
62 119
63 12
63 20
63 48
63 120
64 13
64 20
64 49
64 121
65 14
65 20
65 50
65 122
66 15
66 20
66 51
66 123
67 16
67 20
67 52
67 124
68 0
68 21
68 37
68 107
69 1
69 21
69 38
69 108
70 2
70 21
70 39
70 109
71 3
71 21
71 40
71 110
72 4
72 21
72 41
72 111
73 5
73 21
73 42
73 112
74 6
74 21
74 43
74 113
75 7
75 21
75 44
75 114
76 8
76 21
76 45
76 115
77 9
77 21
77 46
77 116
78 10
78 21
78 47
78 117
79 11
79 21
79 48
79 118
80 12
80 21
80 49
80 119
81 13
81 21
81 50
81 120
82 14
82 21
82 51
82 121
83 15
83 21
83 52
83 122
84 16
84 21
84 53
84 123
85 0
85 22
85 38
85 106
86 1
86 22
86 39
86 107
87 2
87 22
87 40
87 108
88 3
88 22
88 41
88 109
89 4
89 22
89 42
89 110
90 5
90 22
90 43
90 111
91 6
91 22
91 44
91 112
92 7
92 22
92 45
92 113
93 8
93 22
93 46
93 114
94 9
94 22
94 47
94 115
95 10
95 22
95 48
95 116
96 11
96 22
96 49
96 117
97 12
97 22
97 50
97 118
98 13
98 22
98 51
98 119
99 14
99 22
99 52
99 120
100 15
100 22
100 53
100 121
101 16
101 22
101 54
101 122
102 0
102 23
102 39
102 105
103 1
103 23
103 40
103 106
104 2
104 23
104 41
104 107
105 3
105 23
105 42
105 108
106 4
106 23
106 43
106 109
107 5
107 23
107 44
107 110
108 6
108 23
108 45
108 111
109 7
109 23
109 46
109 112
110 8
110 23
110 47
110 113
111 9
111 23
111 48
111 114
112 10
112 23
112 49
112 115
113 11
113 23
113 50
113 116
114 12
114 23
114 51
114 117
115 13
115 23
115 52
115 118
116 14
116 23
116 53
116 119
117 15
117 23
117 54
117 120
118 16
118 23
118 55
118 121
119 0
119 24
119 40
119 104
120 1
120 24
120 41
120 105
121 2
121 24
121 42
121 106
122 3
122 24
122 43
122 107
123 4
123 24
123 44
123 108
124 5
124 24
124 45
124 109
125 6
125 24
125 46
125 110
126 7
126 24
126 47
126 111
127 8
127 24
127 48
127 112
128 9
128 24
128 49
128 113
129 10
129 24
129 50
129 114
130 11
130 24
130 51
130 115
131 12
131 24
131 52
131 116
132 13
132 24
132 53
132 117
133 14
133 24
133 54
133 118
134 15
134 24
134 55
134 119
135 16
135 24
135 56
135 120
136 0
136 25
136 41
136 103
137 1
137 25
137 42
137 104
138 2
138 25
138 43
138 105
139 3
139 25
139 44
139 106
140 4
140 25
140 45
140 107
141 5
141 25
141 46
141 108
142 6
142 25
142 47
142 109
143 7
143 25
143 48
143 110
144 8
144 25
144 49
144 111
145 9
145 25
145 50
145 112
146 10
146 25
146 51
146 113
147 11
147 25
147 52
147 114
148 12
148 25
148 53
148 115
149 13
149 25
149 54
149 116
150 14
150 25
150 55
150 117
151 15
151 25
151 56
151 118
152 16
152 25
152 57
152 119
153 0
153 26
153 42
153 102
154 1
154 26
154 43
154 103
155 2
155 26
155 44
155 104
156 3
156 26
156 45
156 105
157 4
157 26
157 46
157 106
158 5
158 26
158 47
158 107
159 6
159 26
159 48
159 108
160 7
160 26
160 49
160 109
161 8
161 26
161 50
161 110
162 9
162 26
162 51
162 111
163 10
163 26
163 52
163 112
164 11
164 26
164 53
164 113
165 12
165 26
165 54
165 114
166 13
166 26
166 55
166 115
167 14
167 26
167 56
167 116
168 15
168 26
168 57
168 117
169 16
169 26
169 58
169 118
170 0
170 27
170 43
170 101
171 1
171 27
171 44
171 102
172 2
172 27
172 45
172 103
173 3
173 27
173 46
173 104
174 4
174 27
174 47
174 105
175 5
175 27
175 48
175 106
176 6
176 27
176 49
176 107
177 7
177 27
177 50
177 108
178 8
178 27
178 51
178 109
179 9
179 27
179 52
179 110
180 10
180 27
180 53
180 111
181 11
181 27
181 54
181 112
182 12
182 27
182 55
182 113
183 13
183 27
183 56
183 114
184 14
184 27
184 57
184 115
185 15
185 27
185 58
185 116
186 16
186 27
186 59
186 117
187 0
187 28
187 44
187 100
188 1
188 28
188 45
188 101
189 2
189 28
189 46
189 102
190 3
190 28
190 47
190 103
191 4
191 28
191 48
191 104
192 5
192 28
192 49
192 105
193 6
193 28
193 50
193 106
194 7
194 28
194 51
194 107
195 8
195 28
195 52
195 108
196 9
196 28
196 53
196 109
197 10
197 28
197 54
197 110
198 11
198 28
198 55
198 111
199 12
199 28
199 56
199 112
200 13
200 28
200 57
200 113
201 14
201 28
201 58
201 114
202 15
202 28
202 59
202 115
203 16
203 28
203 60
203 116
204 0
204 29
204 45
204 99
205 1
205 29
205 46
205 100
206 2
206 29
206 47
206 101
207 3
207 29
207 48
207 102
208 4
208 29
208 49
208 103
209 5
209 29
209 50
209 104
210 6
210 29
210 51
210 105
211 7
211 29
211 52
211 106
212 8
212 29
212 53
212 107
213 9
213 29
213 54
213 108
214 10
214 29
214 55
214 109
215 11
215 29
215 56
215 110
216 12
216 29
216 57
216 111
217 13
217 29
217 58
217 112
218 14
218 29
218 59
218 113
219 15
219 29
219 60
219 114
220 16
220 29
220 61
220 115
221 0
221 30
221 46
221 98
222 1
222 30
222 47
222 99
223 2
223 30
223 48
223 100
224 3
224 30
224 49
224 101
225 4
225 30
225 50
225 102
226 5
226 30
226 51
226 103
227 6
227 30
227 52
227 104
228 7
228 30
228 53
228 105
229 8
229 30
229 54
229 106
230 9
230 30
230 55
230 107
231 10
231 30
231 56
231 108
232 11
232 30
232 57
232 109
233 12
233 30
233 58
233 110
234 13
234 30
234 59
234 111
235 14
235 30
235 60
235 112
236 15
236 30
236 61
236 113
237 16
237 30
237 62
237 114
238 0
238 31
238 47
238 97
239 1
239 31
239 48
239 98
240 2
240 31
240 49
240 99
241 3
241 31
241 50
241 100
242 4
242 31
242 51
242 101
243 5
243 31
243 52
243 102
244 6
244 31
244 53
244 103
245 7
245 31
245 54
245 104
246 8
246 31
246 55
246 105
247 9
247 31
247 56
247 106
248 10
248 31
248 57
248 107
249 11
249 31
249 58
249 108
250 12
250 31
250 59
250 109
251 13
251 31
251 60
251 110
252 14
252 31
252 61
252 111
253 15
253 31
253 62
253 112
254 16
254 31
254 63
254 113
255 0
255 32
255 48
255 96
256 1
256 32
256 49
256 97
257 2
257 32
257 50
257 98
258 3
258 32
258 51
258 99
259 4
259 32
259 52
259 100
260 5
260 32
260 53
260 101
261 6
261 32
261 54
261 102
262 7
262 32
262 55
262 103
263 8
263 32
263 56
263 104
264 9
264 32
264 57
264 105
265 10
265 32
265 58
265 106
266 11
266 32
266 59
266 107
267 12
267 32
267 60
267 108
268 13
268 32
268 61
268 109
269 14
269 32
269 62
269 110
270 15
270 32
270 63
270 111
271 16
271 32
271 64
271 112
272 0
272 33
272 49
273 1
273 33
273 50
273 96
274 2
274 33
274 51
274 97
275 3
275 33
275 52
275 98
276 4
276 33
276 53
276 99
277 5
277 33
277 54
277 100
278 6
278 33
278 55
278 101
279 7
279 33
279 56
279 102
280 8
280 33
280 57
280 103
281 9
281 33
281 58
281 104
282 10
282 33
282 59
282 105
283 11
283 33
283 60
283 106
284 12
284 33
284 61
284 107
285 13
285 33
285 62
285 108
286 14
286 33
286 63
286 109
287 15
287 33
287 64
287 110
288 16
288 33
288 111
