0 0
0 11
0 50
1 0
1 12
1 22
1 49
2 0
2 13
2 23
2 48
3 0
3 14
3 24
3 47
4 0
4 15
4 25
4 46
5 0
5 16
5 26
5 45
6 0
6 17
6 27
6 44
7 0
7 18
7 28
7 43
8 0
8 19
8 29
8 42
9 0
9 20
9 30
9 41
10 0
10 21
10 31
11 1
11 11
11 22
11 51
12 1
12 12
12 23
12 50
13 1
13 13
13 24
13 49
14 1
14 14
14 25
14 48
15 1
15 15
15 26
15 47
16 1
16 16
16 27
16 46
17 1
17 17
17 28
17 45
18 1
18 18
18 29
18 44
19 1
19 19
19 30
19 43
20 1
20 20
20 31
20 42
21 1
21 21
21 32
21 41
22 2
22 11
22 23
22 52
23 2
23 12
23 24
23 51
24 2
24 13
24 25
24 50
25 2
25 14
25 26
25 49
26 2
26 15
26 27
26 48
27 2
27 16
27 28
27 47
28 2
28 17
28 29
28 46
29 2
29 18
29 30
29 45
30 2
30 19
30 31
30 44
31 2
31 20
31 32
31 43
32 2
32 21
32 33
32 42
33 3
33 11
33 24
33 53
34 3
34 12
34 25
34 52
35 3
35 13
35 26
35 51
36 3
36 14
36 27
36 50
37 3
37 15
37 28
37 49
38 3
38 16
38 29
38 48
39 3
39 17
39 30
39 47
40 3
40 18
40 31
40 46
41 3
41 19
41 32
41 45
42 3
42 20
42 33
42 44
43 3
43 21
43 34
43 43
44 4
44 11
44 25
44 54
45 4
45 12
45 26
45 53
46 4
46 13
46 27
46 52
47 4
47 14
47 28
47 51
48 4
48 15
48 29
48 50
49 4
49 16
49 30
49 49
50 4
50 17
50 31
50 48
51 4
51 18
51 32
51 47
52 4
52 19
52 33
52 46
53 4
53 20
53 34
53 45
54 4
54 21
54 35
54 44
55 5
55 11
55 26
55 55
56 5
56 12
56 27
56 54
57 5
57 13
57 28
57 53
58 5
58 14
58 29
58 52
59 5
59 15
59 30
59 51
60 5
60 16
60 31
60 50
61 5
61 17
61 32
61 49
62 5
62 18
62 33
62 48
63 5
63 19
63 34
63 47
64 5
64 20
64 35
64 46
65 5
65 21
65 36
65 45
66 6
66 11
66 27
66 56
67 6
67 12
67 28
67 55
68 6
68 13
68 29
68 54
69 6
69 14
69 30
69 53
70 6
70 15
70 31
70 52
71 6
71 16
71 32
71 51
72 6
72 17
72 33
72 50
73 6
73 18
73 34
73 49
74 6
74 19
74 35
74 48
75 6
75 20
75 36
75 47
76 6
76 21
76 37
76 46
77 7
77 11
77 28
77 57
78 7
78 12
78 29
78 56
79 7
79 13
79 30
79 55
80 7
80 14
80 31
80 54
81 7
81 15
81 32
81 53
82 7
82 16
82 33
82 52
83 7
83 17
83 34
83 51
84 7
84 18
84 35
84 50
85 7
85 19
85 36
85 49
86 7
86 20
86 37
86 48
87 7
87 21
87 38
87 47
88 8
88 11
88 29
88 58
89 8
89 12
89 30
89 57
90 8
90 13
90 31
90 56
91 8
91 14
91 32
91 55
92 8
92 15
92 33
92 54
93 8
93 16
93 34
93 53
94 8
94 17
94 35
94 52
95 8
95 18
95 36
95 51
96 8
96 19
96 37
96 50
97 8
97 20
97 38
97 49
98 8
98 21
98 39
98 48
99 9
99 11
99 30
99 59
100 9
100 12
100 31
100 58
101 9
101 13
101 32
101 57
102 9
102 14
102 33
102 56
103 9
103 15
103 34
103 55
104 9
104 16
104 35
104 54
105 9
105 17
105 36
105 53
106 9
106 18
106 37
106 52
107 9
107 19
107 38
107 51
108 9
108 20
108 39
108 50
109 9
109 21
109 40
109 49
110 10
110 11
110 31
111 10
111 12
111 32
111 59
112 10
112 13
112 33
112 58
113 10
113 14
113 34
113 57
114 10
114 15
114 35
114 56
115 10
115 16
115 36
115 55
116 10
116 17
116 37
116 54
117 10
117 18
117 38
117 53
118 10
118 19
118 39
118 52
119 10
119 20
119 40
119 51
120 10
120 21
120 50
