0 0
0 19
0 90
1 0
1 20
1 38
1 89
2 0
2 21
2 39
2 88
3 0
3 22
3 40
3 87
4 0
4 23
4 41
4 86
5 0
5 24
5 42
5 85
6 0
6 25
6 43
6 84
7 0
7 26
7 44
7 83
8 0
8 27
8 45
8 82
9 0
9 28
9 46
9 81
10 0
10 29
10 47
10 80
11 0
11 30
11 48
11 79
12 0
12 31
12 49
12 78
13 0
13 32
13 50
13 77
14 0
14 33
14 51
14 76
15 0
15 34
15 52
15 75
16 0
16 35
16 53
16 74
17 0
17 36
17 54
17 73
18 0
18 37
18 55
19 1
19 19
19 38
19 91
20 1
20 20
20 39
20 90
21 1
21 21
21 40
21 89
22 1
22 22
22 41
22 88
23 1
23 23
23 42
23 87
24 1
24 24
24 43
24 86
25 1
25 25
25 44
25 85
26 1
26 26
26 45
26 84
27 1
27 27
27 46
27 83
28 1
28 28
28 47
28 82
29 1
29 29
29 48
29 81
30 1
30 30
30 49
30 80
31 1
31 31
31 50
31 79
32 1
32 32
32 51
32 78
33 1
33 33
33 52
33 77
34 1
34 34
34 53
34 76
35 1
35 35
35 54
35 75
36 1
36 36
36 55
36 74
37 1
37 37
37 56
37 73
38 2
38 19
38 39
38 92
39 2
39 20
39 40
39 91
40 2
40 21
40 41
40 90
41 2
41 22
41 42
41 89
42 2
42 23
42 43
42 88
43 2
43 24
43 44
43 87
44 2
44 25
44 45
44 86
45 2
45 26
45 46
45 85
46 2
46 27
46 47
46 84
47 2
47 28
47 48
47 83
48 2
48 29
48 49
48 82
49 2
49 30
49 50
49 81
50 2
50 31
50 51
50 80
51 2
51 32
51 52
51 79
52 2
52 33
52 53
52 78
53 2
53 34
53 54
53 77
54 2
54 35
54 55
54 76
55 2
55 36
55 56
55 75
56 2
56 37
56 57
56 74
57 3
57 19
57 40
57 93
58 3
58 20
58 41
58 92
59 3
59 21
59 42
59 91
60 3
60 22
60 43
60 90
61 3
61 23
61 44
61 89
62 3
62 24
62 45
62 88
63 3
63 25
63 46
63 87
64 3
64 26
64 47
64 86
65 3
65 27
65 48
65 85
66 3
66 28
66 49
66 84
67 3
67 29
67 50
67 83
68 3
68 30
68 51
68 82
69 3
69 31
69 52
69 81
70 3
70 32
70 53
70 80
71 3
71 33
71 54
71 79
72 3
72 34
72 55
72 78
73 3
73 35
73 56
73 77
74 3
74 36
74 57
74 76
75 3
75 37
75 58
75 75
76 4
76 19
76 41
76 94
77 4
77 20
77 42
77 93
78 4
78 21
78 43
78 92
79 4
79 22
79 44
79 91
80 4
80 23
80 45
80 90
81 4
81 24
81 46
81 89
82 4
82 25
82 47
82 88
83 4
83 26
83 48
83 87
84 4
84 27
84 49
84 86
85 4
85 28
85 50
85 85
86 4
86 29
86 51
86 84
87 4
87 30
87 52
87 83
88 4
88 31
88 53
88 82
89 4
89 32
89 54
89 81
90 4
90 33
90 55
90 80
91 4
91 34
91 56
91 79
92 4
92 35
92 57
92 78
93 4
93 36
93 58
93 77
94 4
94 37
94 59
94 76
95 5
95 19
95 42
95 95
96 5
96 20
96 43
96 94
97 5
97 21
97 44
97 93
98 5
98 22
98 45
98 92
99 5
99 23
99 46
99 91
100 5
100 24
100 47
100 90
101 5
101 25
101 48
101 89
102 5
102 26
102 49
102 88
103 5
103 27
103 50
103 87
104 5
104 28
104 51
104 86
105 5
105 29
105 52
105 85
106 5
106 30
106 53
106 84
107 5
107 31
107 54
107 83
108 5
108 32
108 55
108 82
109 5
109 33
109 56
109 81
110 5
110 34
110 57
110 80
111 5
111 35
111 58
111 79
112 5
112 36
112 59
112 78
113 5
113 37
113 60
113 77
114 6
114 19
114 43
114 96
115 6
115 20
115 44
115 95
116 6
116 21
116 45
116 94
117 6
117 22
117 46
117 93
118 6
118 23
118 47
118 92
119 6
119 24
119 48
119 91
120 6
120 25
120 49
120 90
121 6
121 26
121 50
121 89
122 6
122 27
122 51
122 88
123 6
123 28
123 52
123 87
124 6
124 29
124 53
124 86
125 6
125 30
125 54
125 85
126 6
126 31
126 55
126 84
127 6
127 32
127 56
127 83
128 6
128 33
128 57
128 82
129 6
129 34
129 58
129 81
130 6
130 35
130 59
130 80
131 6
131 36
131 60
131 79
132 6
132 37
132 61
132 78
133 7
133 19
133 44
133 97
134 7
134 20
134 45
134 96
135 7
135 21
135 46
135 95
136 7
136 22
136 47
136 94
137 7
137 23
137 48
137 93
138 7
138 24
138 49
138 92
139 7
139 25
139 50
139 91
140 7
140 26
140 51
140 90
141 7
141 27
141 52
141 89
142 7
142 28
142 53
142 88
143 7
143 29
143 54
143 87
144 7
144 30
144 55
144 86
145 7
145 31
145 56
145 85
146 7
146 32
146 57
146 84
147 7
147 33
147 58
147 83
148 7
148 34
148 59
148 82
149 7
149 35
149 60
149 81
150 7
150 36
150 61
150 80
151 7
151 37
151 62
151 79
152 8
152 19
152 45
152 98
153 8
153 20
153 46
153 97
154 8
154 21
154 47
154 96
155 8
155 22
155 48
155 95
156 8
156 23
156 49
156 94
157 8
157 24
157 50
157 93
158 8
158 25
158 51
158 92
159 8
159 26
159 52
159 91
160 8
160 27
160 53
160 90
161 8
161 28
161 54
161 89
162 8
162 29
162 55
162 88
163 8
163 30
163 56
163 87
164 8
164 31
164 57
164 86
165 8
165 32
165 58
165 85
166 8
166 33
166 59
166 84
167 8
167 34
167 60
167 83
168 8
168 35
168 61
168 82
169 8
169 36
169 62
169 81
170 8
170 37
170 63
170 80
171 9
171 19
171 46
171 99
172 9
172 20
172 47
172 98
173 9
173 21
173 48
173 97
174 9
174 22
174 49
174 96
175 9
175 23
175 50
175 95
176 9
176 24
176 51
176 94
177 9
177 25
177 52
177 93
178 9
178 26
178 53
178 92
179 9
179 27
179 54
179 91
180 9
180 28
180 55
180 90
181 9
181 29
181 56
181 89
182 9
182 30
182 57
182 88
183 9
183 31
183 58
183 87
184 9
184 32
184 59
184 86
185 9
185 33
185 60
185 85
186 9
186 34
186 61
186 84
187 9
187 35
187 62
187 83
188 9
188 36
188 63
188 82
189 9
189 37
189 64
189 81
190 10
190 19
190 47
190 100
191 10
191 20
191 48
191 99
192 10
192 21
192 49
192 98
193 10
193 22
193 50
193 97
194 10
194 23
194 51
194 96
195 10
195 24
195 52
195 95
196 10
196 25
196 53
196 94
197 10
197 26
197 54
197 93
198 10
198 27
198 55
198 92
199 10
199 28
199 56
199 91
200 10
200 29
200 57
200 90
201 10
201 30
201 58
201 89
202 10
202 31
202 59
202 88
203 10
203 32
203 60
203 87
204 10
204 33
204 61
204 86
205 10
205 34
205 62
205 85
206 10
206 35
206 63
206 84
207 10
207 36
207 64
207 83
208 10
208 37
208 65
208 82
209 11
209 19
209 48
209 101
210 11
210 20
210 49
210 100
211 11
211 21
211 50
211 99
212 11
212 22
212 51
212 98
213 11
213 23
213 52
213 97
214 11
214 24
214 53
214 96
215 11
215 25
215 54
215 95
216 11
216 26
216 55
216 94
217 11
217 27
217 56
217 93
218 11
218 28
218 57
218 92
219 11
219 29
219 58
219 91
220 11
220 30
220 59
220 90
221 11
221 31
221 60
221 89
222 11
222 32
222 61
222 88
223 11
223 33
223 62
223 87
224 11
224 34
224 63
224 86
225 11
225 35
225 64
225 85
226 11
226 36
226 65
226 84
227 11
227 37
227 66
227 83
228 12
228 19
228 49
228 102
229 12
229 20
229 50
229 101
230 12
230 21
230 51
230 100
231 12
231 22
231 52
231 99
232 12
232 23
232 53
232 98
233 12
233 24
233 54
233 97
234 12
234 25
234 55
234 96
235 12
235 26
235 56
235 95
236 12
236 27
236 57
236 94
237 12
237 28
237 58
237 93
238 12
238 29
238 59
238 92
239 12
239 30
239 60
239 91
240 12
240 31
240 61
240 90
241 12
241 32
241 62
241 89
242 12
242 33
242 63
242 88
243 12
243 34
243 64
243 87
244 12
244 35
244 65
244 86
245 12
245 36
245 66
245 85
246 12
246 37
246 67
246 84
247 13
247 19
247 50
247 103
248 13
248 20
248 51
248 102
249 13
249 21
249 52
249 101
250 13
250 22
250 53
250 100
251 13
251 23
251 54
251 99
252 13
252 24
252 55
252 98
253 13
253 25
253 56
253 97
254 13
254 26
254 57
254 96
255 13
255 27
255 58
255 95
256 13
256 28
256 59
256 94
257 13
257 29
257 60
257 93
258 13
258 30
258 61
258 92
259 13
259 31
259 62
259 91
260 13
260 32
260 63
260 90
261 13
261 33
261 64
261 89
262 13
262 34
262 65
262 88
263 13
263 35
263 66
263 87
264 13
264 36
264 67
264 86
265 13
265 37
265 68
265 85
266 14
266 19
266 51
266 104
267 14
267 20
267 52
267 103
268 14
268 21
268 53
268 102
269 14
269 22
269 54
269 101
270 14
270 23
270 55
270 100
271 14
271 24
271 56
271 99
272 14
272 25
272 57
272 98
273 14
273 26
273 58
273 97
274 14
274 27
274 59
274 96
275 14
275 28
275 60
275 95
276 14
276 29
276 61
276 94
277 14
277 30
277 62
277 93
278 14
278 31
278 63
278 92
279 14
279 32
279 64
279 91
280 14
280 33
280 65
280 90
281 14
281 34
281 66
281 89
282 14
282 35
282 67
282 88
283 14
283 36
283 68
283 87
284 14
284 37
284 69
284 86
285 15
285 19
285 52
285 105
286 15
286 20
286 53
286 104
287 15
287 21
287 54
287 103
288 15
288 22
288 55
288 102
289 15
289 23
289 56
289 101
290 15
290 24
290 57
290 100
291 15
291 25
291 58
291 99
292 15
292 26
292 59
292 98
293 15
293 27
293 60
293 97
294 15
294 28
294 61
294 96
295 15
295 29
295 62
295 95
296 15
296 30
296 63
296 94
297 15
297 31
297 64
297 93
298 15
298 32
298 65
298 92
299 15
299 33
299 66
299 91
300 15
300 34
300 67
300 90
301 15
301 35
301 68
301 89
302 15
302 36
302 69
302 88
303 15
303 37
303 70
303 87
304 16
304 19
304 53
304 106
305 16
305 20
305 54
305 105
306 16
306 21
306 55
306 104
307 16
307 22
307 56
307 103
308 16
308 23
308 57
308 102
309 16
309 24
309 58
309 101
310 16
310 25
310 59
310 100
311 16
311 26
311 60
311 99
312 16
312 27
312 61
312 98
313 16
313 28
313 62
313 97
314 16
314 29
314 63
314 96
315 16
315 30
315 64
315 95
316 16
316 31
316 65
316 94
317 16
317 32
317 66
317 93
318 16
318 33
318 67
318 92
319 16
319 34
319 68
319 91
320 16
320 35
320 69
320 90
321 16
321 36
321 70
321 89
322 16
322 37
322 71
322 88
323 17
323 19
323 54
323 107
324 17
324 20
324 55
324 106
325 17
325 21
325 56
325 105
326 17
326 22
326 57
326 104
327 17
327 23
327 58
327 103
328 17
328 24
328 59
328 102
329 17
329 25
329 60
329 101
330 17
330 26
330 61
330 100
331 17
331 27
331 62
331 99
332 17
332 28
332 63
332 98
333 17
333 29
333 64
333 97
334 17
334 30
334 65
334 96
335 17
335 31
335 66
335 95
336 17
336 32
336 67
336 94
337 17
337 33
337 68
337 93
338 17
338 34
338 69
338 92
339 17
339 35
339 70
339 91
340 17
340 36
340 71
340 90
341 17
341 37
341 72
341 89
342 18
342 19
342 55
343 18
343 20
343 56
343 107
344 18
344 21
344 57
344 106
345 18
345 22
345 58
345 105
346 18
346 23
346 59
346 104
347 18
347 24
347 60
347 103
348 18
348 25
348 61
348 102
349 18
349 26
349 62
349 101
350 18
350 27
350 63
350 100
351 18
351 28
351 64
351 99
352 18
352 29
352 65
352 98
353 18
353 30
353 66
353 97
354 18
354 31
354 67
354 96
355 18
355 32
355 68
355 95
356 18
356 33
356 69
356 94
357 18
357 34
357 70
357 93
358 18
358 35
358 71
358 92
359 18
359 36
359 72
359 91
360 18
360 37
360 90
