0 0
0 10
0 45
1 0
1 11
1 20
1 44
2 0
2 12
2 21
2 43
3 0
3 13
3 22
3 42
4 0
4 14
4 23
4 41
5 0
5 15
5 24
5 40
6 0
6 16
6 25
6 39
7 0
7 17
7 26
7 38
8 0
8 18
8 27
8 37
9 0
9 19
9 28
10 1
10 10
10 20
10 46
11 1
11 11
11 21
11 45
12 1
12 12
12 22
12 44
13 1
13 13
13 23
13 43
14 1
14 14
14 24
14 42
15 1
15 15
15 25
15 41
16 1
16 16
16 26
16 40
17 1
17 17
17 27
17 39
18 1
18 18
18 28
18 38
19 1
19 19
19 29
19 37
20 2
20 10
20 21
20 47
21 2
21 11
21 22
21 46
22 2
22 12
22 23
22 45
23 2
23 13
23 24
23 44
24 2
24 14
24 25
24 43
25 2
25 15
25 26
25 42
26 2
26 16
26 27
26 41
27 2
27 17
27 28
27 40
28 2
28 18
28 29
28 39
29 2
29 19
29 30
29 38
30 3
30 10
30 22
30 48
31 3
31 11
31 23
31 47
32 3
32 12
32 24
32 46
33 3
33 13
33 25
33 45
34 3
34 14
34 26
34 44
35 3
35 15
35 27
35 43
36 3
36 16
36 28
36 42
37 3
37 17
37 29
37 41
38 3
38 18
38 30
38 40
39 3
39 19
39 31
39 39
40 4
40 10
40 23
40 49
41 4
41 11
41 24
41 48
42 4
42 12
42 25
42 47
43 4
43 13
43 26
43 46
44 4
44 14
44 27
44 45
45 4
45 15
45 28
45 44
46 4
46 16
46 29
46 43
47 4
47 17
47 30
47 42
48 4
48 18
48 31
48 41
49 4
49 19
49 32
49 40
50 5
50 10
50 24
50 50
51 5
51 11
51 25
51 49
52 5
52 12
52 26
52 48
53 5
53 13
53 27
53 47
54 5
54 14
54 28
54 46
55 5
55 15
55 29
55 45
56 5
56 16
56 30
56 44
57 5
57 17
57 31
57 43
58 5
58 18
58 32
58 42
59 5
59 19
59 33
59 41
60 6
60 10
60 25
60 51
61 6
61 11
61 26
61 50
62 6
62 12
62 27
62 49
63 6
63 13
63 28
63 48
64 6
64 14
64 29
64 47
65 6
65 15
65 30
65 46
66 6
66 16
66 31
66 45
67 6
67 17
67 32
67 44
68 6
68 18
68 33
68 43
69 6
69 19
69 34
69 42
70 7
70 10
70 26
70 52
71 7
71 11
71 27
71 51
72 7
72 12
72 28
72 50
73 7
73 13
73 29
73 49
74 7
74 14
74 30
74 48
75 7
75 15
75 31
75 47
76 7
76 16
76 32
76 46
77 7
77 17
77 33
77 45
78 7
78 18
78 34
78 44
79 7
79 19
79 35
79 43
80 8
80 10
80 27
80 53
81 8
81 11
81 28
81 52
82 8
82 12
82 29
82 51
83 8
83 13
83 30
83 50
84 8
84 14
84 31
84 49
85 8
85 15
85 32
85 48
86 8
86 16
86 33
86 47
87 8
87 17
87 34
87 46
88 8
88 18
88 35
88 45
89 8
89 19
89 36
89 44
90 9
90 10
90 28
91 9
91 11
91 29
91 53
92 9
92 12
92 30
92 52
93 9
93 13
93 31
93 51
94 9
94 14
94 32
94 50
95 9
95 15
95 33
95 49
96 9
96 16
96 34
96 48
97 9
97 17
97 35
97 47
98 9
98 18
98 36
98 46
99 9
99 19
99 45
