0 0
0 18
0 118
1 1
1 18
1 36
1 119
2 2
2 18
2 37
2 120
3 3
3 18
3 38
3 121
4 4
4 18
4 39
4 122
5 5
5 18
5 40
5 123
6 6
6 18
6 41
6 124
7 7
7 18
7 42
7 125
8 8
8 18
8 43
8 126
9 9
9 18
9 44
9 127
10 10
10 18
10 45
10 128
11 11
11 18
11 46
11 129
12 12
12 18
12 47
12 130
13 13
13 18
13 48
13 131
14 14
14 18
14 49
14 132
15 15
15 18
15 50
15 133
16 16
16 18
16 51
16 134
17 17
17 18
17 52
18 0
18 19
18 36
18 117
19 1
19 19
19 37
19 118
20 2
20 19
20 38
20 119
21 3
21 19
21 39
21 120
22 4
22 19
22 40
22 121
23 5
23 19
23 41
23 122
24 6
24 19
24 42
24 123
25 7
25 19
25 43
25 124
26 8
26 19
26 44
26 125
27 9
27 19
27 45
27 126
28 10
28 19
28 46
28 127
29 11
29 19
29 47
29 128
30 12
30 19
30 48
30 129
31 13
31 19
31 49
31 130
32 14
32 19
32 50
32 131
33 15
33 19
33 51
33 132
34 16
34 19
34 52
34 133
35 17
35 19
35 53
35 134
36 0
36 20
36 37
36 116
37 1
37 20
37 38
37 117
38 2
38 20
38 39
38 118
39 3
39 20
39 40
39 119
40 4
40 20
40 41
40 120
41 5
41 20
41 42
41 121
42 6
42 20
42 43
42 122
43 7
43 20
43 44
43 123
44 8
44 20
44 45
44 124
45 9
45 20
45 46
45 125
46 10
46 20
46 47
46 126
47 11
47 20
47 48
47 127
48 12
48 20
48 49
48 128
49 13
49 20
49 50
49 129
50 14
50 20
50 51
50 130
51 15
51 20
51 52
51 131
52 16
52 20
52 53
52 132
53 17
53 20
53 54
53 133
54 0
54 21
54 38
54 115
55 1
55 21
55 39
55 116
56 2
56 21
56 40
56 117
57 3
57 21
57 41
57 118
58 4
58 21
58 42
58 119
59 5
59 21
59 43
59 120
60 6
60 21
60 44
60 121
61 7
61 21
61 45
61 122
62 8
62 21
62 46
62 123
63 9
63 21
63 47
63 124
64 10
64 21
64 48
64 125
65 11
65 21
65 49
65 126
66 12
66 21
66 50
66 127
67 13
67 21
67 51
67 128
68 14
68 21
68 52
68 129
69 15
69 21
69 53
69 130
70 16
70 21
70 54
70 131
71 17
71 21
71 55
71 132
72 0
72 22
72 39
72 114
73 1
73 22
73 40
73 115
74 2
74 22
74 41
74 116
75 3
75 22
75 42
75 117
76 4
76 22
76 43
76 118
77 5
77 22
77 44
77 119
78 6
78 22
78 45
78 120
79 7
79 22
79 46
79 121
80 8
80 22
80 47
80 122
81 9
81 22
81 48
81 123
82 10
82 22
82 49
82 124
83 11
83 22
83 50
83 125
84 12
84 22
84 51
84 126
85 13
85 22
85 52
85 127
86 14
86 22
86 53
86 128
87 15
87 22
87 54
87 129
88 16
88 22
88 55
88 130
89 17
89 22
89 56
89 131
90 0
90 23
90 40
90 113
91 1
91 23
91 41
91 114
92 2
92 23
92 42
92 115
93 3
93 23
93 43
93 116
94 4
94 23
94 44
94 117
95 5
95 23
95 45
95 118
96 6
96 23
96 46
96 119
97 7
97 23
97 47
97 120
98 8
98 23
98 48
98 121
99 9
99 23
99 49
99 122
100 10
100 23
100 50
100 123
101 11
101 23
101 51
101 124
102 12
102 23
102 52
102 125
103 13
103 23
103 53
103 126
104 14
104 23
104 54
104 127
105 15
105 23
105 55
105 128
106 16
106 23
106 56
106 129
107 17
107 23
107 57
107 130
108 0
108 24
108 41
108 112
109 1
109 24
109 42
109 113
110 2
110 24
110 43
110 114
111 3
111 24
111 44
111 115
112 4
112 24
112 45
112 116
113 5
113 24
113 46
113 117
114 6
114 24
114 47
114 118
115 7
115 24
115 48
115 119
116 8
116 24
116 49
116 120
117 9
117 24
117 50
117 121
118 10
118 24
118 51
118 122
119 11
119 24
119 52
119 123
120 12
120 24
120 53
120 124
121 13
121 24
121 54
121 125
122 14
122 24
122 55
122 126
123 15
123 24
123 56
123 127
124 16
124 24
124 57
124 128
125 17
125 24
125 58
125 129
126 0
126 25
126 42
126 111
127 1
127 25
127 43
127 112
128 2
128 25
128 44
128 113
129 3
129 25
129 45
129 114
130 4
130 25
130 46
130 115
131 5
131 25
131 47
131 116
132 6
132 25
132 48
132 117
133 7
133 25
133 49
133 118
134 8
134 25
134 50
134 119
135 9
135 25
135 51
135 120
136 10
136 25
136 52
136 121
137 11
137 25
137 53
137 122
138 12
138 25
138 54
138 123
139 13
139 25
139 55
139 124
140 14
140 25
140 56
140 125
141 15
141 25
141 57
141 126
142 16
142 25
142 58
142 127
143 17
143 25
143 59
143 128
144 0
144 26
144 43
144 110
145 1
145 26
145 44
145 111
146 2
146 26
146 45
146 112
147 3
147 26
147 46
147 113
148 4
148 26
148 47
148 114
149 5
149 26
149 48
149 115
150 6
150 26
150 49
150 116
151 7
151 26
151 50
151 117
152 8
152 26
152 51
152 118
153 9
153 26
153 52
153 119
154 10
154 26
154 53
154 120
155 11
155 26
155 54
155 121
156 12
156 26
156 55
156 122
157 13
157 26
157 56
157 123
158 14
158 26
158 57
158 124
159 15
159 26
159 58
159 125
160 16
160 26
160 59
160 126
161 17
161 26
161 60
161 127
162 0
162 27
162 44
162 109
163 1
163 27
163 45
163 110
164 2
164 27
164 46
164 111
165 3
165 27
165 47
165 112
166 4
166 27
166 48
166 113
167 5
167 27
167 49
167 114
168 6
168 27
168 50
168 115
169 7
169 27
169 51
169 116
170 8
170 27
170 52
170 117
171 9
171 27
171 53
171 118
172 10
172 27
172 54
172 119
173 11
173 27
173 55
173 120
174 12
174 27
174 56
174 121
175 13
175 27
175 57
175 122
176 14
176 27
176 58
176 123
177 15
177 27
177 59
177 124
178 16
178 27
178 60
178 125
179 17
179 27
179 61
179 126
180 0
180 28
180 45
180 108
181 1
181 28
181 46
181 109
182 2
182 28
182 47
182 110
183 3
183 28
183 48
183 111
184 4
184 28
184 49
184 112
185 5
185 28
185 50
185 113
186 6
186 28
186 51
186 114
187 7
187 28
187 52
187 115
188 8
188 28
188 53
188 116
189 9
189 28
189 54
189 117
190 10
190 28
190 55
190 118
191 11
191 28
191 56
191 119
192 12
192 28
192 57
192 120
193 13
193 28
193 58
193 121
194 14
194 28
194 59
194 122
195 15
195 28
195 60
195 123
196 16
196 28
196 61
196 124
197 17
197 28
197 62
197 125
198 0
198 29
198 46
198 107
199 1
199 29
199 47
199 108
200 2
200 29
200 48
200 109
201 3
201 29
201 49
201 110
202 4
202 29
202 50
202 111
203 5
203 29
203 51
203 112
204 6
204 29
204 52
204 113
205 7
205 29
205 53
205 114
206 8
206 29
206 54
206 115
207 9
207 29
207 55
207 116
208 10
208 29
208 56
208 117
209 11
209 29
209 57
209 118
210 12
210 29
210 58
210 119
211 13
211 29
211 59
211 120
212 14
212 29
212 60
212 121
213 15
213 29
213 61
213 122
214 16
214 29
214 62
214 123
215 17
215 29
215 63
215 124
216 0
216 30
216 47
216 106
217 1
217 30
217 48
217 107
218 2
218 30
218 49
218 108
219 3
219 30
219 50
219 109
220 4
220 30
220 51
220 110
221 5
221 30
221 52
221 111
222 6
222 30
222 53
222 112
223 7
223 30
223 54
223 113
224 8
224 30
224 55
224 114
225 9
225 30
225 56
225 115
226 10
226 30
226 57
226 116
227 11
227 30
227 58
227 117
228 12
228 30
228 59
228 118
229 13
229 30
229 60
229 119
230 14
230 30
230 61
230 120
231 15
231 30
231 62
231 121
232 16
232 30
232 63
232 122
233 17
233 30
233 64
233 123
234 0
234 31
234 48
234 105
235 1
235 31
235 49
235 106
236 2
236 31
236 50
236 107
237 3
237 31
237 51
237 108
238 4
238 31
238 52
238 109
239 5
239 31
239 53
239 110
240 6
240 31
240 54
240 111
241 7
241 31
241 55
241 112
242 8
242 31
242 56
242 113
243 9
243 31
243 57
243 114
244 10
244 31
244 58
244 115
245 11
245 31
245 59
245 116
246 12
246 31
246 60
246 117
247 13
247 31
247 61
247 118
248 14
248 31
248 62
248 119
249 15
249 31
249 63
249 120
250 16
250 31
250 64
250 121
251 17
251 31
251 65
251 122
252 0
252 32
252 49
252 104
253 1
253 32
253 50
253 105
254 2
254 32
254 51
254 106
255 3
255 32
255 52
255 107
256 4
256 32
256 53
256 108
257 5
257 32
257 54
257 109
258 6
258 32
258 55
258 110
259 7
259 32
259 56
259 111
260 8
260 32
260 57
260 112
261 9
261 32
261 58
261 113
262 10
262 32
262 59
262 114
263 11
263 32
263 60
263 115
264 12
264 32
264 61
264 116
265 13
265 32
265 62
265 117
266 14
266 32
266 63
266 118
267 15
267 32
267 64
267 119
268 16
268 32
268 65
268 120
269 17
269 32
269 66
269 121
270 0
270 33
270 50
270 103
271 1
271 33
271 51
271 104
272 2
272 33
272 52
272 105
273 3
273 33
273 53
273 106
274 4
274 33
274 54
274 107
275 5
275 33
275 55
275 108
276 6
276 33
276 56
276 109
277 7
277 33
277 57
277 110
278 8
278 33
278 58
278 111
279 9
279 33
279 59
279 112
280 10
280 33
280 60
280 113
281 11
281 33
281 61
281 114
282 12
282 33
282 62
282 115
283 13
283 33
283 63
283 116
284 14
284 33
284 64
284 117
285 15
285 33
285 65
285 118
286 16
286 33
286 66
286 119
287 17
287 33
287 67
287 120
288 0
288 34
288 51
288 102
289 1
289 34
289 52
289 103
290 2
290 34
290 53
290 104
291 3
291 34
291 54
291 105
292 4
292 34
292 55
292 106
293 5
293 34
293 56
293 107
294 6
294 34
294 57
294 108
295 7
295 34
295 58
295 109
296 8
296 34
296 59
296 110
297 9
297 34
297 60
297 111
298 10
298 34
298 61
298 112
299 11
299 34
299 62
299 113
300 12
300 34
300 63
300 114
301 13
301 34
301 64
301 115
302 14
302 34
302 65
302 116
303 15
303 34
303 66
303 117
304 16
304 34
304 67
304 118
305 17
305 34
305 68
305 119
306 0
306 35
306 52
307 1
307 35
307 53
307 102
308 2
308 35
308 54
308 103
309 3
309 35
309 55
309 104
310 4
310 35
310 56
310 105
311 5
311 35
311 57
311 106
312 6
312 35
312 58
312 107
313 7
313 35
313 59
313 108
314 8
314 35
314 60
314 109
315 9
315 35
315 61
315 110
316 10
316 35
316 62
316 111
317 11
317 35
317 63
317 112
318 12
318 35
318 64
318 113
319 13
319 35
319 65
319 114
320 14
320 35
320 66
320 115
321 15
321 35
321 67
321 116
322 16
322 35
322 68
322 117
323 17
323 35
323 118
