0 0
0 13
0 83
1 1
1 13
1 26
1 84
2 2
2 13
2 27
2 85
3 3
3 13
3 28
3 86
4 4
4 13
4 29
4 87
5 5
5 13
5 30
5 88
6 6
6 13
6 31
6 89
7 7
7 13
7 32
7 90
8 8
8 13
8 33
8 91
9 9
9 13
9 34
9 92
10 10
10 13
10 35
10 93
11 11
11 13
11 36
11 94
12 12
12 13
12 37
13 0
13 14
13 26
13 82
14 1
14 14
14 27
14 83
15 2
15 14
15 28
15 84
16 3
16 14
16 29
16 85
17 4
17 14
17 30
17 86
18 5
18 14
18 31
18 87
19 6
19 14
19 32
19 88
20 7
20 14
20 33
20 89
21 8
21 14
21 34
21 90
22 9
22 14
22 35
22 91
23 10
23 14
23 36
23 92
24 11
24 14
24 37
24 93
25 12
25 14
25 38
25 94
26 0
26 15
26 27
26 81
27 1
27 15
27 28
27 82
28 2
28 15
28 29
28 83
29 3
29 15
29 30
29 84
30 4
30 15
30 31
30 85
31 5
31 15
31 32
31 86
32 6
32 15
32 33
32 87
33 7
33 15
33 34
33 88
34 8
34 15
34 35
34 89
35 9
35 15
35 36
35 90
36 10
36 15
36 37
36 91
37 11
37 15
37 38
37 92
38 12
38 15
38 39
38 93
39 0
39 16
39 28
39 80
40 1
40 16
40 29
40 81
41 2
41 16
41 30
41 82
42 3
42 16
42 31
42 83
43 4
43 16
43 32
43 84
44 5
44 16
44 33
44 85
45 6
45 16
45 34
45 86
46 7
46 16
46 35
46 87
47 8
47 16
47 36
47 88
48 9
48 16
48 37
48 89
49 10
49 16
49 38
49 90
50 11
50 16
50 39
50 91
51 12
51 16
51 40
51 92
52 0
52 17
52 29
52 79
53 1
53 17
53 30
53 80
54 2
54 17
54 31
54 81
55 3
55 17
55 32
55 82
56 4
56 17
56 33
56 83
57 5
57 17
57 34
57 84
58 6
58 17
58 35
58 85
59 7
59 17
59 36
59 86
60 8
60 17
60 37
60 87
61 9
61 17
61 38
61 88
62 10
62 17
62 39
62 89
63 11
63 17
63 40
63 90
64 12
64 17
64 41
64 91
65 0
65 18
65 30
65 78
66 1
66 18
66 31
66 79
67 2
67 18
67 32
67 80
68 3
68 18
68 33
68 81
69 4
69 18
69 34
69 82
70 5
70 18
70 35
70 83
71 6
71 18
71 36
71 84
72 7
72 18
72 37
72 85
73 8
73 18
73 38
73 86
74 9
74 18
74 39
74 87
75 10
75 18
75 40
75 88
76 11
76 18
76 41
76 89
77 12
77 18
77 42
77 90
78 0
78 19
78 31
78 77
79 1
79 19
79 32
79 78
80 2
80 19
80 33
80 79
81 3
81 19
81 34
81 80
82 4
82 19
82 35
82 81
83 5
83 19
83 36
83 82
84 6
84 19
84 37
84 83
85 7
85 19
85 38
85 84
86 8
86 19
86 39
86 85
87 9
87 19
87 40
87 86
88 10
88 19
88 41
88 87
89 11
89 19
89 42
89 88
90 12
90 19
90 43
90 89
91 0
91 20
91 32
91 76
92 1
92 20
92 33
92 77
93 2
93 20
93 34
93 78
94 3
94 20
94 35
94 79
95 4
95 20
95 36
95 80
96 5
96 20
96 37
96 81
97 6
97 20
97 38
97 82
98 7
98 20
98 39
98 83
99 8
99 20
99 40
99 84
100 9
100 20
100 41
100 85
101 10
101 20
101 42
101 86
102 11
102 20
102 43
102 87
103 12
103 20
103 44
103 88
104 0
104 21
104 33
104 75
105 1
105 21
105 34
105 76
106 2
106 21
106 35
106 77
107 3
107 21
107 36
107 78
108 4
108 21
108 37
108 79
109 5
109 21
109 38
109 80
110 6
110 21
110 39
110 81
111 7
111 21
111 40
111 82
112 8
112 21
112 41
112 83
113 9
113 21
113 42
113 84
114 10
114 21
114 43
114 85
115 11
115 21
115 44
115 86
116 12
116 21
116 45
116 87
117 0
117 22
117 34
117 74
118 1
118 22
118 35
118 75
119 2
119 22
119 36
119 76
120 3
120 22
120 37
120 77
121 4
121 22
121 38
121 78
122 5
122 22
122 39
122 79
123 6
123 22
123 40
123 80
124 7
124 22
124 41
124 81
125 8
125 22
125 42
125 82
126 9
126 22
126 43
126 83
127 10
127 22
127 44
127 84
128 11
128 22
128 45
128 85
129 12
129 22
129 46
129 86
130 0
130 23
130 35
130 73
131 1
131 23
131 36
131 74
132 2
132 23
132 37
132 75
133 3
133 23
133 38
133 76
134 4
134 23
134 39
134 77
135 5
135 23
135 40
135 78
136 6
136 23
136 41
136 79
137 7
137 23
137 42
137 80
138 8
138 23
138 43
138 81
139 9
139 23
139 44
139 82
140 10
140 23
140 45
140 83
141 11
141 23
141 46
141 84
142 12
142 23
142 47
142 85
143 0
143 24
143 36
143 72
144 1
144 24
144 37
144 73
145 2
145 24
145 38
145 74
146 3
146 24
146 39
146 75
147 4
147 24
147 40
147 76
148 5
148 24
148 41
148 77
149 6
149 24
149 42
149 78
150 7
150 24
150 43
150 79
151 8
151 24
151 44
151 80
152 9
152 24
152 45
152 81
153 10
153 24
153 46
153 82
154 11
154 24
154 47
154 83
155 12
155 24
155 48
155 84
156 0
156 25
156 37
157 1
157 25
157 38
157 72
158 2
158 25
158 39
158 73
159 3
159 25
159 40
159 74
160 4
160 25
160 41
160 75
161 5
161 25
161 42
161 76
162 6
162 25
162 43
162 77
163 7
163 25
163 44
163 78
164 8
164 25
164 45
164 79
165 9
165 25
165 46
165 80
166 10
166 25
166 47
166 81
167 11
167 25
167 48
167 82
168 12
168 25
168 83
