0 0
0 16
0 75
1 1
1 16
1 32
1 76
2 2
2 16
2 33
2 77
3 3
3 16
3 34
3 78
4 4
4 16
4 35
4 79
5 5
5 16
5 36
5 80
6 6
6 16
6 37
6 81
7 7
7 16
7 38
7 82
8 8
8 16
8 39
8 83
9 9
9 16
9 40
9 84
10 10
10 16
10 41
10 85
11 11
11 16
11 42
11 86
12 12
12 16
12 43
12 87
13 13
13 16
13 44
13 88
14 14
14 16
14 45
14 89
15 15
15 16
15 46
16 0
16 17
16 32
16 74
17 1
17 17
17 33
17 75
18 2
18 17
18 34
18 76
19 3
19 17
19 35
19 77
20 4
20 17
20 36
20 78
21 5
21 17
21 37
21 79
22 6
22 17
22 38
22 80
23 7
23 17
23 39
23 81
24 8
24 17
24 40
24 82
25 9
25 17
25 41
25 83
26 10
26 17
26 42
26 84
27 11
27 17
27 43
27 85
28 12
28 17
28 44
28 86
29 13
29 17
29 45
29 87
30 14
30 17
30 46
30 88
31 15
31 17
31 47
31 89
32 0
32 18
32 33
32 73
33 1
33 18
33 34
33 74
34 2
34 18
34 35
34 75
35 3
35 18
35 36
35 76
36 4
36 18
36 37
36 77
37 5
37 18
37 38
37 78
38 6
38 18
38 39
38 79
39 7
39 18
39 40
39 80
40 8
40 18
40 41
40 81
41 9
41 18
41 42
41 82
42 10
42 18
42 43
42 83
43 11
43 18
43 44
43 84
44 12
44 18
44 45
44 85
45 13
45 18
45 46
45 86
46 14
46 18
46 47
46 87
47 15
47 18
47 48
47 88
48 0
48 19
48 34
48 72
49 1
49 19
49 35
49 73
50 2
50 19
50 36
50 74
51 3
51 19
51 37
51 75
52 4
52 19
52 38
52 76
53 5
53 19
53 39
53 77
54 6
54 19
54 40
54 78
55 7
55 19
55 41
55 79
56 8
56 19
56 42
56 80
57 9
57 19
57 43
57 81
58 10
58 19
58 44
58 82
59 11
59 19
59 45
59 83
60 12
60 19
60 46
60 84
61 13
61 19
61 47
61 85
62 14
62 19
62 48
62 86
63 15
63 19
63 49
63 87
64 0
64 20
64 35
64 71
65 1
65 20
65 36
65 72
66 2
66 20
66 37
66 73
67 3
67 20
67 38
67 74
68 4
68 20
68 39
68 75
69 5
69 20
69 40
69 76
70 6
70 20
70 41
70 77
71 7
71 20
71 42
71 78
72 8
72 20
72 43
72 79
73 9
73 20
73 44
73 80
74 10
74 20
74 45
74 81
75 11
75 20
75 46
75 82
76 12
76 20
76 47
76 83
77 13
77 20
77 48
77 84
78 14
78 20
78 49
78 85
79 15
79 20
79 50
79 86
80 0
80 21
80 36
80 70
81 1
81 21
81 37
81 71
82 2
82 21
82 38
82 72
83 3
83 21
83 39
83 73
84 4
84 21
84 40
84 74
85 5
85 21
85 41
85 75
86 6
86 21
86 42
86 76
87 7
87 21
87 43
87 77
88 8
88 21
88 44
88 78
89 9
89 21
89 45
89 79
90 10
90 21
90 46
90 80
91 11
91 21
91 47
91 81
92 12
92 21
92 48
92 82
93 13
93 21
93 49
93 83
94 14
94 21
94 50
94 84
95 15
95 21
95 51
95 85
96 0
96 22
96 37
96 69
97 1
97 22
97 38
97 70
98 2
98 22
98 39
98 71
99 3
99 22
99 40
99 72
100 4
100 22
100 41
100 73
101 5
101 22
101 42
101 74
102 6
102 22
102 43
102 75
103 7
103 22
103 44
103 76
104 8
104 22
104 45
104 77
105 9
105 22
105 46
105 78
106 10
106 22
106 47
106 79
107 11
107 22
107 48
107 80
108 12
108 22
108 49
108 81
109 13
109 22
109 50
109 82
110 14
110 22
110 51
110 83
111 15
111 22
111 52
111 84
112 0
112 23
112 38
112 68
113 1
113 23
113 39
113 69
114 2
114 23
114 40
114 70
115 3
115 23
115 41
115 71
116 4
116 23
116 42
116 72
117 5
117 23
117 43
117 73
118 6
118 23
118 44
118 74
119 7
119 23
119 45
119 75
120 8
120 23
120 46
120 76
121 9
121 23
121 47
121 77
122 10
122 23
122 48
122 78
123 11
123 23
123 49
123 79
124 12
124 23
124 50
124 80
125 13
125 23
125 51
125 81
126 14
126 23
126 52
126 82
127 15
127 23
127 53
127 83
128 0
128 24
128 39
128 67
129 1
129 24
129 40
129 68
130 2
130 24
130 41
130 69
131 3
131 24
131 42
131 70
132 4
132 24
132 43
132 71
133 5
133 24
133 44
133 72
134 6
134 24
134 45
134 73
135 7
135 24
135 46
135 74
136 8
136 24
136 47
136 75
137 9
137 24
137 48
137 76
138 10
138 24
138 49
138 77
139 11
139 24
139 50
139 78
140 12
140 24
140 51
140 79
141 13
141 24
141 52
141 80
142 14
142 24
142 53
142 81
143 15
143 24
143 54
143 82
144 0
144 25
144 40
144 66
145 1
145 25
145 41
145 67
146 2
146 25
146 42
146 68
147 3
147 25
147 43
147 69
148 4
148 25
148 44
148 70
149 5
149 25
149 45
149 71
150 6
150 25
150 46
150 72
151 7
151 25
151 47
151 73
152 8
152 25
152 48
152 74
153 9
153 25
153 49
153 75
154 10
154 25
154 50
154 76
155 11
155 25
155 51
155 77
156 12
156 25
156 52
156 78
157 13
157 25
157 53
157 79
158 14
158 25
158 54
158 80
159 15
159 25
159 55
159 81
160 0
160 26
160 41
160 65
161 1
161 26
161 42
161 66
162 2
162 26
162 43
162 67
163 3
163 26
163 44
163 68
164 4
164 26
164 45
164 69
165 5
165 26
165 46
165 70
166 6
166 26
166 47
166 71
167 7
167 26
167 48
167 72
168 8
168 26
168 49
168 73
169 9
169 26
169 50
169 74
170 10
170 26
170 51
170 75
171 11
171 26
171 52
171 76
172 12
172 26
172 53
172 77
173 13
173 26
173 54
173 78
174 14
174 26
174 55
174 79
175 15
175 26
175 56
175 80
176 0
176 27
176 42
176 64
177 1
177 27
177 43
177 65
178 2
178 27
178 44
178 66
179 3
179 27
179 45
179 67
180 4
180 27
180 46
180 68
181 5
181 27
181 47
181 69
182 6
182 27
182 48
182 70
183 7
183 27
183 49
183 71
184 8
184 27
184 50
184 72
185 9
185 27
185 51
185 73
186 10
186 27
186 52
186 74
187 11
187 27
187 53
187 75
188 12
188 27
188 54
188 76
189 13
189 27
189 55
189 77
190 14
190 27
190 56
190 78
191 15
191 27
191 57
191 79
192 0
192 28
192 43
192 63
193 1
193 28
193 44
193 64
194 2
194 28
194 45
194 65
195 3
195 28
195 46
195 66
196 4
196 28
196 47
196 67
197 5
197 28
197 48
197 68
198 6
198 28
198 49
198 69
199 7
199 28
199 50
199 70
200 8
200 28
200 51
200 71
201 9
201 28
201 52
201 72
202 10
202 28
202 53
202 73
203 11
203 28
203 54
203 74
204 12
204 28
204 55
204 75
205 13
205 28
205 56
205 76
206 14
206 28
206 57
206 77
207 15
207 28
207 58
207 78
208 0
208 29
208 44
208 62
209 1
209 29
209 45
209 63
210 2
210 29
210 46
210 64
211 3
211 29
211 47
211 65
212 4
212 29
212 48
212 66
213 5
213 29
213 49
213 67
214 6
214 29
214 50
214 68
215 7
215 29
215 51
215 69
216 8
216 29
216 52
216 70
217 9
217 29
217 53
217 71
218 10
218 29
218 54
218 72
219 11
219 29
219 55
219 73
220 12
220 29
220 56
220 74
221 13
221 29
221 57
221 75
222 14
222 29
222 58
222 76
223 15
223 29
223 59
223 77
224 0
224 30
224 45
224 61
225 1
225 30
225 46
225 62
226 2
226 30
226 47
226 63
227 3
227 30
227 48
227 64
228 4
228 30
228 49
228 65
229 5
229 30
229 50
229 66
230 6
230 30
230 51
230 67
231 7
231 30
231 52
231 68
232 8
232 30
232 53
232 69
233 9
233 30
233 54
233 70
234 10
234 30
234 55
234 71
235 11
235 30
235 56
235 72
236 12
236 30
236 57
236 73
237 13
237 30
237 58
237 74
238 14
238 30
238 59
238 75
239 15
239 30
239 60
239 76
240 0
240 31
240 46
241 1
241 31
241 47
241 61
242 2
242 31
242 48
242 62
243 3
243 31
243 49
243 63
244 4
244 31
244 50
244 64
245 5
245 31
245 51
245 65
246 6
246 31
246 52
246 66
247 7
247 31
247 53
247 67
248 8
248 31
248 54
248 68
249 9
249 31
249 55
249 69
250 10
250 31
250 56
250 70
251 11
251 31
251 57
251 71
252 12
252 31
252 58
252 72
253 13
253 31
253 59
253 73
254 14
254 31
254 60
254 74
255 15
255 31
255 75
