0 0
0 20
0 95
1 0
1 21
1 40
1 94
2 0
2 22
2 41
2 93
3 0
3 23
3 42
3 92
4 0
4 24
4 43
4 91
5 0
5 25
5 44
5 90
6 0
6 26
6 45
6 89
7 0
7 27
7 46
7 88
8 0
8 28
8 47
8 87
9 0
9 29
9 48
9 86
10 0
10 30
10 49
10 85
11 0
11 31
11 50
11 84
12 0
12 32
12 51
12 83
13 0
13 33
13 52
13 82
14 0
14 34
14 53
14 81
15 0
15 35
15 54
15 80
16 0
16 36
16 55
16 79
17 0
17 37
17 56
17 78
18 0
18 38
18 57
18 77
19 0
19 39
19 58
20 1
20 20
20 40
20 96
21 1
21 21
21 41
21 95
22 1
22 22
22 42
22 94
23 1
23 23
23 43
23 93
24 1
24 24
24 44
24 92
25 1
25 25
25 45
25 91
26 1
26 26
26 46
26 90
27 1
27 27
27 47
27 89
28 1
28 28
28 48
28 88
29 1
29 29
29 49
29 87
30 1
30 30
30 50
30 86
31 1
31 31
31 51
31 85
32 1
32 32
32 52
32 84
33 1
33 33
33 53
33 83
34 1
34 34
34 54
34 82
35 1
35 35
35 55
35 81
36 1
36 36
36 56
36 80
37 1
37 37
37 57
37 79
38 1
38 38
38 58
38 78
39 1
39 39
39 59
39 77
40 2
40 20
40 41
40 97
41 2
41 21
41 42
41 96
42 2
42 22
42 43
42 95
43 2
43 23
43 44
43 94
44 2
44 24
44 45
44 93
45 2
45 25
45 46
45 92
46 2
46 26
46 47
46 91
47 2
47 27
47 48
47 90
48 2
48 28
48 49
48 89
49 2
49 29
49 50
49 88
50 2
50 30
50 51
50 87
51 2
51 31
51 52
51 86
52 2
52 32
52 53
52 85
53 2
53 33
53 54
53 84
54 2
54 34
54 55
54 83
55 2
55 35
55 56
55 82
56 2
56 36
56 57
56 81
57 2
57 37
57 58
57 80
58 2
58 38
58 59
58 79
59 2
59 39
59 60
59 78
60 3
60 20
60 42
60 98
61 3
61 21
61 43
61 97
62 3
62 22
62 44
62 96
63 3
63 23
63 45
63 95
64 3
64 24
64 46
64 94
65 3
65 25
65 47
65 93
66 3
66 26
66 48
66 92
67 3
67 27
67 49
67 91
68 3
68 28
68 50
68 90
69 3
69 29
69 51
69 89
70 3
70 30
70 52
70 88
71 3
71 31
71 53
71 87
72 3
72 32
72 54
72 86
73 3
73 33
73 55
73 85
74 3
74 34
74 56
74 84
75 3
75 35
75 57
75 83
76 3
76 36
76 58
76 82
77 3
77 37
77 59
77 81
78 3
78 38
78 60
78 80
79 3
79 39
79 61
79 79
80 4
80 20
80 43
80 99
81 4
81 21
81 44
81 98
82 4
82 22
82 45
82 97
83 4
83 23
83 46
83 96
84 4
84 24
84 47
84 95
85 4
85 25
85 48
85 94
86 4
86 26
86 49
86 93
87 4
87 27
87 50
87 92
88 4
88 28
88 51
88 91
89 4
89 29
89 52
89 90
90 4
90 30
90 53
90 89
91 4
91 31
91 54
91 88
92 4
92 32
92 55
92 87
93 4
93 33
93 56
93 86
94 4
94 34
94 57
94 85
95 4
95 35
95 58
95 84
96 4
96 36
96 59
96 83
97 4
97 37
97 60
97 82
98 4
98 38
98 61
98 81
99 4
99 39
99 62
99 80
100 5
100 20
100 44
100 100
101 5
101 21
101 45
101 99
102 5
102 22
102 46
102 98
103 5
103 23
103 47
103 97
104 5
104 24
104 48
104 96
105 5
105 25
105 49
105 95
106 5
106 26
106 50
106 94
107 5
107 27
107 51
107 93
108 5
108 28
108 52
108 92
109 5
109 29
109 53
109 91
110 5
110 30
110 54
110 90
111 5
111 31
111 55
111 89
112 5
112 32
112 56
112 88
113 5
113 33
113 57
113 87
114 5
114 34
114 58
114 86
115 5
115 35
115 59
115 85
116 5
116 36
116 60
116 84
117 5
117 37
117 61
117 83
118 5
118 38
118 62
118 82
119 5
119 39
119 63
119 81
120 6
120 20
120 45
120 101
121 6
121 21
121 46
121 100
122 6
122 22
122 47
122 99
123 6
123 23
123 48
123 98
124 6
124 24
124 49
124 97
125 6
125 25
125 50
125 96
126 6
126 26
126 51
126 95
127 6
127 27
127 52
127 94
128 6
128 28
128 53
128 93
129 6
129 29
129 54
129 92
130 6
130 30
130 55
130 91
131 6
131 31
131 56
131 90
132 6
132 32
132 57
132 89
133 6
133 33
133 58
133 88
134 6
134 34
134 59
134 87
135 6
135 35
135 60
135 86
136 6
136 36
136 61
136 85
137 6
137 37
137 62
137 84
138 6
138 38
138 63
138 83
139 6
139 39
139 64
139 82
140 7
140 20
140 46
140 102
141 7
141 21
141 47
141 101
142 7
142 22
142 48
142 100
143 7
143 23
143 49
143 99
144 7
144 24
144 50
144 98
145 7
145 25
145 51
145 97
146 7
146 26
146 52
146 96
147 7
147 27
147 53
147 95
148 7
148 28
148 54
148 94
149 7
149 29
149 55
149 93
150 7
150 30
150 56
150 92
151 7
151 31
151 57
151 91
152 7
152 32
152 58
152 90
153 7
153 33
153 59
153 89
154 7
154 34
154 60
154 88
155 7
155 35
155 61
155 87
156 7
156 36
156 62
156 86
157 7
157 37
157 63
157 85
158 7
158 38
158 64
158 84
159 7
159 39
159 65
159 83
160 8
160 20
160 47
160 103
161 8
161 21
161 48
161 102
162 8
162 22
162 49
162 101
163 8
163 23
163 50
163 100
164 8
164 24
164 51
164 99
165 8
165 25
165 52
165 98
166 8
166 26
166 53
166 97
167 8
167 27
167 54
167 96
168 8
168 28
168 55
168 95
169 8
169 29
169 56
169 94
170 8
170 30
170 57
170 93
171 8
171 31
171 58
171 92
172 8
172 32
172 59
172 91
173 8
173 33
173 60
173 90
174 8
174 34
174 61
174 89
175 8
175 35
175 62
175 88
176 8
176 36
176 63
176 87
177 8
177 37
177 64
177 86
178 8
178 38
178 65
178 85
179 8
179 39
179 66
179 84
180 9
180 20
180 48
180 104
181 9
181 21
181 49
181 103
182 9
182 22
182 50
182 102
183 9
183 23
183 51
183 101
184 9
184 24
184 52
184 100
185 9
185 25
185 53
185 99
186 9
186 26
186 54
186 98
187 9
187 27
187 55
187 97
188 9
188 28
188 56
188 96
189 9
189 29
189 57
189 95
190 9
190 30
190 58
190 94
191 9
191 31
191 59
191 93
192 9
192 32
192 60
192 92
193 9
193 33
193 61
193 91
194 9
194 34
194 62
194 90
195 9
195 35
195 63
195 89
196 9
196 36
196 64
196 88
197 9
197 37
197 65
197 87
198 9
198 38
198 66
198 86
199 9
199 39
199 67
199 85
200 10
200 20
200 49
200 105
201 10
201 21
201 50
201 104
202 10
202 22
202 51
202 103
203 10
203 23
203 52
203 102
204 10
204 24
204 53
204 101
205 10
205 25
205 54
205 100
206 10
206 26
206 55
206 99
207 10
207 27
207 56
207 98
208 10
208 28
208 57
208 97
209 10
209 29
209 58
209 96
210 10
210 30
210 59
210 95
211 10
211 31
211 60
211 94
212 10
212 32
212 61
212 93
213 10
213 33
213 62
213 92
214 10
214 34
214 63
214 91
215 10
215 35
215 64
215 90
216 10
216 36
216 65
216 89
217 10
217 37
217 66
217 88
218 10
218 38
218 67
218 87
219 10
219 39
219 68
219 86
220 11
220 20
220 50
220 106
221 11
221 21
221 51
221 105
222 11
222 22
222 52
222 104
223 11
223 23
223 53
223 103
224 11
224 24
224 54
224 102
225 11
225 25
225 55
225 101
226 11
226 26
226 56
226 100
227 11
227 27
227 57
227 99
228 11
228 28
228 58
228 98
229 11
229 29
229 59
229 97
230 11
230 30
230 60
230 96
231 11
231 31
231 61
231 95
232 11
232 32
232 62
232 94
233 11
233 33
233 63
233 93
234 11
234 34
234 64
234 92
235 11
235 35
235 65
235 91
236 11
236 36
236 66
236 90
237 11
237 37
237 67
237 89
238 11
238 38
238 68
238 88
239 11
239 39
239 69
239 87
240 12
240 20
240 51
240 107
241 12
241 21
241 52
241 106
242 12
242 22
242 53
242 105
243 12
243 23
243 54
243 104
244 12
244 24
244 55
244 103
245 12
245 25
245 56
245 102
246 12
246 26
246 57
246 101
247 12
247 27
247 58
247 100
248 12
248 28
248 59
248 99
249 12
249 29
249 60
249 98
250 12
250 30
250 61
250 97
251 12
251 31
251 62
251 96
252 12
252 32
252 63
252 95
253 12
253 33
253 64
253 94
254 12
254 34
254 65
254 93
255 12
255 35
255 66
255 92
256 12
256 36
256 67
256 91
257 12
257 37
257 68
257 90
258 12
258 38
258 69
258 89
259 12
259 39
259 70
259 88
260 13
260 20
260 52
260 108
261 13
261 21
261 53
261 107
262 13
262 22
262 54
262 106
263 13
263 23
263 55
263 105
264 13
264 24
264 56
264 104
265 13
265 25
265 57
265 103
266 13
266 26
266 58
266 102
267 13
267 27
267 59
267 101
268 13
268 28
268 60
268 100
269 13
269 29
269 61
269 99
270 13
270 30
270 62
270 98
271 13
271 31
271 63
271 97
272 13
272 32
272 64
272 96
273 13
273 33
273 65
273 95
274 13
274 34
274 66
274 94
275 13
275 35
275 67
275 93
276 13
276 36
276 68
276 92
277 13
277 37
277 69
277 91
278 13
278 38
278 70
278 90
279 13
279 39
279 71
279 89
280 14
280 20
280 53
280 109
281 14
281 21
281 54
281 108
282 14
282 22
282 55
282 107
283 14
283 23
283 56
283 106
284 14
284 24
284 57
284 105
285 14
285 25
285 58
285 104
286 14
286 26
286 59
286 103
287 14
287 27
287 60
287 102
288 14
288 28
288 61
288 101
289 14
289 29
289 62
289 100
290 14
290 30
290 63
290 99
291 14
291 31
291 64
291 98
292 14
292 32
292 65
292 97
293 14
293 33
293 66
293 96
294 14
294 34
294 67
294 95
295 14
295 35
295 68
295 94
296 14
296 36
296 69
296 93
297 14
297 37
297 70
297 92
298 14
298 38
298 71
298 91
299 14
299 39
299 72
299 90
300 15
300 20
300 54
300 110
301 15
301 21
301 55
301 109
302 15
302 22
302 56
302 108
303 15
303 23
303 57
303 107
304 15
304 24
304 58
304 106
305 15
305 25
305 59
305 105
306 15
306 26
306 60
306 104
307 15
307 27
307 61
307 103
308 15
308 28
308 62
308 102
309 15
309 29
309 63
309 101
310 15
310 30
310 64
310 100
311 15
311 31
311 65
311 99
312 15
312 32
312 66
312 98
313 15
313 33
313 67
313 97
314 15
314 34
314 68
314 96
315 15
315 35
315 69
315 95
316 15
316 36
316 70
316 94
317 15
317 37
317 71
317 93
318 15
318 38
318 72
318 92
319 15
319 39
319 73
319 91
320 16
320 20
320 55
320 111
321 16
321 21
321 56
321 110
322 16
322 22
322 57
322 109
323 16
323 23
323 58
323 108
324 16
324 24
324 59
324 107
325 16
325 25
325 60
325 106
326 16
326 26
326 61
326 105
327 16
327 27
327 62
327 104
328 16
328 28
328 63
328 103
329 16
329 29
329 64
329 102
330 16
330 30
330 65
330 101
331 16
331 31
331 66
331 100
332 16
332 32
332 67
332 99
333 16
333 33
333 68
333 98
334 16
334 34
334 69
334 97
335 16
335 35
335 70
335 96
336 16
336 36
336 71
336 95
337 16
337 37
337 72
337 94
338 16
338 38
338 73
338 93
339 16
339 39
339 74
339 92
340 17
340 20
340 56
340 112
341 17
341 21
341 57
341 111
342 17
342 22
342 58
342 110
343 17
343 23
343 59
343 109
344 17
344 24
344 60
344 108
345 17
345 25
345 61
345 107
346 17
346 26
346 62
346 106
347 17
347 27
347 63
347 105
348 17
348 28
348 64
348 104
349 17
349 29
349 65
349 103
350 17
350 30
350 66
350 102
351 17
351 31
351 67
351 101
352 17
352 32
352 68
352 100
353 17
353 33
353 69
353 99
354 17
354 34
354 70
354 98
355 17
355 35
355 71
355 97
356 17
356 36
356 72
356 96
357 17
357 37
357 73
357 95
358 17
358 38
358 74
358 94
359 17
359 39
359 75
359 93
360 18
360 20
360 57
360 113
361 18
361 21
361 58
361 112
362 18
362 22
362 59
362 111
363 18
363 23
363 60
363 110
364 18
364 24
364 61
364 109
365 18
365 25
365 62
365 108
366 18
366 26
366 63
366 107
367 18
367 27
367 64
367 106
368 18
368 28
368 65
368 105
369 18
369 29
369 66
369 104
370 18
370 30
370 67
370 103
371 18
371 31
371 68
371 102
372 18
372 32
372 69
372 101
373 18
373 33
373 70
373 100
374 18
374 34
374 71
374 99
375 18
375 35
375 72
375 98
376 18
376 36
376 73
376 97
377 18
377 37
377 74
377 96
378 18
378 38
378 75
378 95
379 18
379 39
379 76
379 94
380 19
380 20
380 58
381 19
381 21
381 59
381 113
382 19
382 22
382 60
382 112
383 19
383 23
383 61
383 111
384 19
384 24
384 62
384 110
385 19
385 25
385 63
385 109
386 19
386 26
386 64
386 108
387 19
387 27
387 65
387 107
388 19
388 28
388 66
388 106
389 19
389 29
389 67
389 105
390 19
390 30
390 68
390 104
391 19
391 31
391 69
391 103
392 19
392 32
392 70
392 102
393 19
393 33
393 71
393 101
394 19
394 34
394 72
394 100
395 19
395 35
395 73
395 99
396 19
396 36
396 74
396 98
397 19
397 37
397 75
397 97
398 19
398 38
398 76
398 96
399 19
399 39
399 95
