0 0
0 6
0 25
1 1
1 6
1 12
1 26
2 2
2 6
2 13
2 27
3 3
3 6
3 14
3 28
4 4
4 6
4 15
4 29
5 5
5 6
5 16
6 0
6 7
6 12
6 24
7 1
7 7
7 13
7 25
8 2
8 7
8 14
8 26
9 3
9 7
9 15
9 27
10 4
10 7
10 16
10 28
11 5
11 7
11 17
11 29
12 0
12 8
12 13
12 23
13 1
13 8
13 14
13 24
14 2
14 8
14 15
14 25
15 3
15 8
15 16
15 26
16 4
16 8
16 17
16 27
17 5
17 8
17 18
17 28
18 0
18 9
18 14
18 22
19 1
19 9
19 15
19 23
20 2
20 9
20 16
20 24
21 3
21 9
21 17
21 25
22 4
22 9
22 18
22 26
23 5
23 9
23 19
23 27
24 0
24 10
24 15
24 21
25 1
25 10
25 16
25 22
26 2
26 10
26 17
26 23
27 3
27 10
27 18
27 24
28 4
28 10
28 19
28 25
29 5
29 10
29 20
29 26
30 0
30 11
30 16
31 1
31 11
31 17
31 21
32 2
32 11
32 18
32 22
33 3
33 11
33 19
33 23
34 4
34 11
34 20
34 24
35 5
35 11
35 25
