0 0
0 7
0 41
1 1
1 7
1 14
1 42
2 2
2 7
2 15
2 43
3 3
3 7
3 16
3 44
4 4
4 7
4 17
4 45
5 5
5 7
5 18
5 46
6 6
6 7
6 19
7 0
7 8
7 14
7 40
8 1
8 8
8 15
8 41
9 2
9 8
9 16
9 42
10 3
10 8
10 17
10 43
11 4
11 8
11 18
11 44
12 5
12 8
12 19
12 45
13 6
13 8
13 20
13 46
14 0
14 9
14 15
14 39
15 1
15 9
15 16
15 40
16 2
16 9
16 17
16 41
17 3
17 9
17 18
17 42
18 4
18 9
18 19
18 43
19 5
19 9
19 20
19 44
20 6
20 9
20 21
20 45
21 0
21 10
21 16
21 38
22 1
22 10
22 17
22 39
23 2
23 10
23 18
23 40
24 3
24 10
24 19
24 41
25 4
25 10
25 20
25 42
26 5
26 10
26 21
26 43
27 6
27 10
27 22
27 44
28 0
28 11
28 17
28 37
29 1
29 11
29 18
29 38
30 2
30 11
30 19
30 39
31 3
31 11
31 20
31 40
32 4
32 11
32 21
32 41
33 5
33 11
33 22
33 42
34 6
34 11
34 23
34 43
35 0
35 12
35 18
35 36
36 1
36 12
36 19
36 37
37 2
37 12
37 20
37 38
38 3
38 12
38 21
38 39
39 4
39 12
39 22
39 40
40 5
40 12
40 23
40 41
41 6
41 12
41 24
41 42
42 0
42 13
42 19
43 1
43 13
43 20
43 36
44 2
44 13
44 21
44 37
45 3
45 13
45 22
45 38
46 4
46 13
46 23
46 39
47 5
47 13
47 24
47 40
48 6
48 13
48 41
