0 0
0 8
0 48
1 1
1 8
1 16
1 49
2 2
2 8
2 17
2 50
3 3
3 8
3 18
3 51
4 4
4 8
4 19
4 52
5 5
5 8
5 20
5 53
6 6
6 8
6 21
6 54
7 7
7 8
7 22
8 0
8 9
8 16
8 47
9 1
9 9
9 17
9 48
10 2
10 9
10 18
10 49
11 3
11 9
11 19
11 50
12 4
12 9
12 20
12 51
13 5
13 9
13 21
13 52
14 6
14 9
14 22
14 53
15 7
15 9
15 23
15 54
16 0
16 10
16 17
16 46
17 1
17 10
17 18
17 47
18 2
18 10
18 19
18 48
19 3
19 10
19 20
19 49
20 4
20 10
20 21
20 50
21 5
21 10
21 22
21 51
22 6
22 10
22 23
22 52
23 7
23 10
23 24
23 53
24 0
24 11
24 18
24 45
25 1
25 11
25 19
25 46
26 2
26 11
26 20
26 47
27 3
27 11
27 21
27 48
28 4
28 11
28 22
28 49
29 5
29 11
29 23
29 50
30 6
30 11
30 24
30 51
31 7
31 11
31 25
31 52
32 0
32 12
32 19
32 44
33 1
33 12
33 20
33 45
34 2
34 12
34 21
34 46
35 3
35 12
35 22
35 47
36 4
36 12
36 23
36 48
37 5
37 12
37 24
37 49
38 6
38 12
38 25
38 50
39 7
39 12
39 26
39 51
40 0
40 13
40 20
40 43
41 1
41 13
41 21
41 44
42 2
42 13
42 22
42 45
43 3
43 13
43 23
43 46
44 4
44 13
44 24
44 47
45 5
45 13
45 25
45 48
46 6
46 13
46 26
46 49
47 7
47 13
47 27
47 50
48 0
48 14
48 21
48 42
49 1
49 14
49 22
49 43
50 2
50 14
50 23
50 44
51 3
51 14
51 24
51 45
52 4
52 14
52 25
52 46
53 5
53 14
53 26
53 47
54 6
54 14
54 27
54 48
55 7
55 14
55 28
55 49
56 0
56 15
56 22
57 1
57 15
57 23
57 42
58 2
58 15
58 24
58 43
59 3
59 15
59 25
59 44
60 4
60 15
60 26
60 45
61 5
61 15
61 27
61 46
62 6
62 15
62 28
62 47
63 7
63 15
63 48
