0 0
0 9
0 55
1 1
1 9
1 18
1 56
2 2
2 9
2 19
2 57
3 3
3 9
3 20
3 58
4 4
4 9
4 21
4 59
5 5
5 9
5 22
5 60
6 6
6 9
6 23
6 61
7 7
7 9
7 24
7 62
8 8
8 9
8 25
9 0
9 10
9 18
9 54
10 1
10 10
10 19
10 55
11 2
11 10
11 20
11 56
12 3
12 10
12 21
12 57
13 4
13 10
13 22
13 58
14 5
14 10
14 23
14 59
15 6
15 10
15 24
15 60
16 7
16 10
16 25
16 61
17 8
17 10
17 26
17 62
18 0
18 11
18 19
18 53
19 1
19 11
19 20
19 54
20 2
20 11
20 21
20 55
21 3
21 11
21 22
21 56
22 4
22 11
22 23
22 57
23 5
23 11
23 24
23 58
24 6
24 11
24 25
24 59
25 7
25 11
25 26
25 60
26 8
26 11
26 27
26 61
27 0
27 12
27 20
27 52
28 1
28 12
28 21
28 53
29 2
29 12
29 22
29 54
30 3
30 12
30 23
30 55
31 4
31 12
31 24
31 56
32 5
32 12
32 25
32 57
33 6
33 12
33 26
33 58
34 7
34 12
34 27
34 59
35 8
35 12
35 28
35 60
36 0
36 13
36 21
36 51
37 1
37 13
37 22
37 52
38 2
38 13
38 23
38 53
39 3
39 13
39 24
39 54
40 4
40 13
40 25
40 55
41 5
41 13
41 26
41 56
42 6
42 13
42 27
42 57
43 7
43 13
43 28
43 58
44 8
44 13
44 29
44 59
45 0
45 14
45 22
45 50
46 1
46 14
46 23
46 51
47 2
47 14
47 24
47 52
48 3
48 14
48 25
48 53
49 4
49 14
49 26
49 54
50 5
50 14
50 27
50 55
51 6
51 14
51 28
51 56
52 7
52 14
52 29
52 57
53 8
53 14
53 30
53 58
54 0
54 15
54 23
54 49
55 1
55 15
55 24
55 50
56 2
56 15
56 25
56 51
57 3
57 15
57 26
57 52
58 4
58 15
58 27
58 53
59 5
59 15
59 28
59 54
60 6
60 15
60 29
60 55
61 7
61 15
61 30
61 56
62 8
62 15
62 31
62 57
63 0
63 16
63 24
63 48
64 1
64 16
64 25
64 49
65 2
65 16
65 26
65 50
66 3
66 16
66 27
66 51
67 4
67 16
67 28
67 52
68 5
68 16
68 29
68 53
69 6
69 16
69 30
69 54
70 7
70 16
70 31
70 55
71 8
71 16
71 32
71 56
72 0
72 17
72 25
73 1
73 17
73 26
73 48
74 2
74 17
74 27
74 49
75 3
75 17
75 28
75 50
76 4
76 17
76 29
76 51
77 5
77 17
77 30
77 52
78 6
78 17
78 31
78 53
79 7
79 17
79 32
79 54
80 8
80 17
80 55
