0 0
0 144
0 288
0 432
1 0
1 145
1 289
1 433
2 0
2 146
2 290
2 434
3 0
3 147
3 291
3 435
4 0
4 148
4 292
4 436
5 0
5 149
5 293
5 437
6 0
6 150
6 294
6 438
7 0
7 151
7 295
7 439
8 0
8 152
8 296
8 440
9 0
9 153
9 297
9 441
10 0
10 154
10 298
10 442
11 0
11 155
11 299
11 443
12 1
12 144
12 300
12 432
13 1
13 145
13 301
13 433
14 1
14 146
14 302
14 434
15 1
15 147
15 303
15 435
16 1
16 148
16 304
16 436
17 1
17 149
17 305
17 437
18 1
18 150
18 306
18 438
19 1
19 151
19 307
19 439
20 1
20 152
20 308
20 440
21 1
21 153
21 309
21 441
22 1
22 154
22 310
22 442
23 1
23 155
23 311
23 443
24 2
24 144
24 312
24 432
25 2
25 145
25 313
25 433
26 2
26 146
26 314
26 434
27 2
27 147
27 315
27 435
28 2
28 148
28 316
28 436
29 2
29 149
29 317
29 437
30 2
30 150
30 318
30 438
31 2
31 151
31 319
31 439
32 2
32 152
32 320
32 440
33 2
33 153
33 321
33 441
34 2
34 154
34 322
34 442
35 2
35 155
35 323
35 443
36 3
36 144
36 324
36 444
37 3
37 145
37 325
37 445
38 3
38 146
38 326
38 446
39 3
39 147
39 327
39 447
40 3
40 148
40 328
40 448
41 3
41 149
41 329
41 449
42 3
42 150
42 330
42 450
43 3
43 151
43 331
43 451
44 3
44 152
44 332
44 452
45 3
45 153
45 333
45 453
46 3
46 154
46 334
46 454
47 3
47 155
47 335
47 455
48 4
48 144
48 336
48 444
49 4
49 145
49 337
49 445
50 4
50 146
50 338
50 446
51 4
51 147
51 339
51 447
52 4
52 148
52 340
52 448
53 4
53 149
53 341
53 449
54 4
54 150
54 342
54 450
55 4
55 151
55 343
55 451
56 4
56 152
56 344
56 452
57 4
57 153
57 345
57 453
58 4
58 154
58 346
58 454
59 4
59 155
59 347
59 455
60 5
60 144
60 348
60 444
61 5
61 145
61 349
61 445
62 5
62 146
62 350
62 446
63 5
63 147
63 351
63 447
64 5
64 148
64 352
64 448
65 5
65 149
65 353
65 449
66 5
66 150
66 354
66 450
67 5
67 151
67 355
67 451
68 5
68 152
68 356
68 452
69 5
69 153
69 357
69 453
70 5
70 154
70 358
70 454
71 5
71 155
71 359
71 455
72 6
72 144
72 360
72 456
73 6
73 145
73 361
73 457
74 6
74 146
74 362
74 458
75 6
75 147
75 363
75 459
76 6
76 148
76 364
76 460
77 6
77 149
77 365
77 461
78 6
78 150
78 366
78 462
79 6
79 151
79 367
79 463
80 6
80 152
80 368
80 464
81 6
81 153
81 369
81 465
82 6
82 154
82 370
82 466
83 6
83 155
83 371
83 467
84 7
84 144
84 372
84 456
85 7
85 145
85 373
85 457
86 7
86 146
86 374
86 458
87 7
87 147
87 375
87 459
88 7
88 148
88 376
88 460
89 7
89 149
89 377
89 461
90 7
90 150
90 378
90 462
91 7
91 151
91 379
91 463
92 7
92 152
92 380
92 464
93 7
93 153
93 381
93 465
94 7
94 154
94 382
94 466
95 7
95 155
95 383
95 467
96 8
96 144
96 384
96 456
97 8
97 145
97 385
97 457
98 8
98 146
98 386
98 458
99 8
99 147
99 387
99 459
100 8
100 148
100 388
100 460
101 8
101 149
101 389
101 461
102 8
102 150
102 390
102 462
103 8
103 151
103 391
103 463
104 8
104 152
104 392
104 464
105 8
105 153
105 393
105 465
106 8
106 154
106 394
106 466
107 8
107 155
107 395
107 467
108 9
108 144
108 396
108 468
109 9
109 145
109 397
109 469
110 9
110 146
110 398
110 470
111 9
111 147
111 399
111 471
112 9
112 148
112 400
112 472
113 9
113 149
113 401
113 473
114 9
114 150
114 402
114 474
115 9
115 151
115 403
115 475
116 9
116 152
116 404
116 476
117 9
117 153
117 405
117 477
118 9
118 154
118 406
118 478
119 9
119 155
119 407
119 479
120 10
120 144
120 408
120 468
121 10
121 145
121 409
121 469
122 10
122 146
122 410
122 470
123 10
123 147
123 411
123 471
124 10
124 148
124 412
124 472
125 10
125 149
125 413
125 473
126 10
126 150
126 414
126 474
127 10
127 151
127 415
127 475
128 10
128 152
128 416
128 476
129 10
129 153
129 417
129 477
130 10
130 154
130 418
130 478
131 10
131 155
131 419
131 479
132 11
132 144
132 420
132 468
133 11
133 145
133 421
133 469
134 11
134 146
134 422
134 470
135 11
135 147
135 423
135 471
136 11
136 148
136 424
136 472
137 11
137 149
137 425
137 473
138 11
138 150
138 426
138 474
139 11
139 151
139 427
139 475
140 11
140 152
140 428
140 476
141 11
141 153
141 429
141 477
142 11
142 154
142 430
142 478
143 11
143 155
143 431
143 479
144 12
144 156
144 288
144 432
145 12
145 157
145 289
145 433
146 12
146 158
146 290
146 434
147 12
147 159
147 291
147 435
148 12
148 160
148 292
148 436
149 12
149 161
149 293
149 437
150 12
150 162
150 294
150 438
151 12
151 163
151 295
151 439
152 12
152 164
152 296
152 440
153 12
153 165
153 297
153 441
154 12
154 166
154 298
154 442
155 12
155 167
155 299
155 443
156 13
156 156
156 300
156 432
157 13
157 157
157 301
157 433
158 13
158 158
158 302
158 434
159 13
159 159
159 303
159 435
160 13
160 160
160 304
160 436
161 13
161 161
161 305
161 437
162 13
162 162
162 306
162 438
163 13
163 163
163 307
163 439
164 13
164 164
164 308
164 440
165 13
165 165
165 309
165 441
166 13
166 166
166 310
166 442
167 13
167 167
167 311
167 443
168 14
168 156
168 312
168 432
169 14
169 157
169 313
169 433
170 14
170 158
170 314
170 434
171 14
171 159
171 315
171 435
172 14
172 160
172 316
172 436
173 14
173 161
173 317
173 437
174 14
174 162
174 318
174 438
175 14
175 163
175 319
175 439
176 14
176 164
176 320
176 440
177 14
177 165
177 321
177 441
178 14
178 166
178 322
178 442
179 14
179 167
179 323
179 443
180 15
180 156
180 324
180 444
181 15
181 157
181 325
181 445
182 15
182 158
182 326
182 446
183 15
183 159
183 327
183 447
184 15
184 160
184 328
184 448
185 15
185 161
185 329
185 449
186 15
186 162
186 330
186 450
187 15
187 163
187 331
187 451
188 15
188 164
188 332
188 452
189 15
189 165
189 333
189 453
190 15
190 166
190 334
190 454
191 15
191 167
191 335
191 455
192 16
192 156
192 336
192 444
193 16
193 157
193 337
193 445
194 16
194 158
194 338
194 446
195 16
195 159
195 339
195 447
196 16
196 160
196 340
196 448
197 16
197 161
197 341
197 449
198 16
198 162
198 342
198 450
199 16
199 163
199 343
199 451
200 16
200 164
200 344
200 452
201 16
201 165
201 345
201 453
202 16
202 166
202 346
202 454
203 16
203 167
203 347
203 455
204 17
204 156
204 348
204 444
205 17
205 157
205 349
205 445
206 17
206 158
206 350
206 446
207 17
207 159
207 351
207 447
208 17
208 160
208 352
208 448
209 17
209 161
209 353
209 449
210 17
210 162
210 354
210 450
211 17
211 163
211 355
211 451
212 17
212 164
212 356
212 452
213 17
213 165
213 357
213 453
214 17
214 166
214 358
214 454
215 17
215 167
215 359
215 455
216 18
216 156
216 360
216 456
217 18
217 157
217 361
217 457
218 18
218 158
218 362
218 458
219 18
219 159
219 363
219 459
220 18
220 160
220 364
220 460
221 18
221 161
221 365
221 461
222 18
222 162
222 366
222 462
223 18
223 163
223 367
223 463
224 18
224 164
224 368
224 464
225 18
225 165
225 369
225 465
226 18
226 166
226 370
226 466
227 18
227 167
227 371
227 467
228 19
228 156
228 372
228 456
229 19
229 157
229 373
229 457
230 19
230 158
230 374
230 458
231 19
231 159
231 375
231 459
232 19
232 160
232 376
232 460
233 19
233 161
233 377
233 461
234 19
234 162
234 378
234 462
235 19
235 163
235 379
235 463
236 19
236 164
236 380
236 464
237 19
237 165
237 381
237 465
238 19
238 166
238 382
238 466
239 19
239 167
239 383
239 467
240 20
240 156
240 384
240 456
241 20
241 157
241 385
241 457
242 20
242 158
242 386
242 458
243 20
243 159
243 387
243 459
244 20
244 160
244 388
244 460
245 20
245 161
245 389
245 461
246 20
246 162
246 390
246 462
247 20
247 163
247 391
247 463
248 20
248 164
248 392
248 464
249 20
249 165
249 393
249 465
250 20
250 166
250 394
250 466
251 20
251 167
251 395
251 467
252 21
252 156
252 396
252 468
253 21
253 157
253 397
253 469
254 21
254 158
254 398
254 470
255 21
255 159
255 399
255 471
256 21
256 160
256 400
256 472
257 21
257 161
257 401
257 473
258 21
258 162
258 402
258 474
259 21
259 163
259 403
259 475
260 21
260 164
260 404
260 476
261 21
261 165
261 405
261 477
262 21
262 166
262 406
262 478
263 21
263 167
263 407
263 479
264 22
264 156
264 408
264 468
265 22
265 157
265 409
265 469
266 22
266 158
266 410
266 470
267 22
267 159
267 411
267 471
268 22
268 160
268 412
268 472
269 22
269 161
269 413
269 473
270 22
270 162
270 414
270 474
271 22
271 163
271 415
271 475
272 22
272 164
272 416
272 476
273 22
273 165
273 417
273 477
274 22
274 166
274 418
274 478
275 22
275 167
275 419
275 479
276 23
276 156
276 420
276 468
277 23
277 157
277 421
277 469
278 23
278 158
278 422
278 470
279 23
279 159
279 423
279 471
280 23
280 160
280 424
280 472
281 23
281 161
281 425
281 473
282 23
282 162
282 426
282 474
283 23
283 163
283 427
283 475
284 23
284 164
284 428
284 476
285 23
285 165
285 429
285 477
286 23
286 166
286 430
286 478
287 23
287 167
287 431
287 479
288 24
288 168
288 288
288 432
289 24
289 169
289 289
289 433
290 24
290 170
290 290
290 434
291 24
291 171
291 291
291 435
292 24
292 172
292 292
292 436
293 24
293 173
293 293
293 437
294 24
294 174
294 294
294 438
295 24
295 175
295 295
295 439
296 24
296 176
296 296
296 440
297 24
297 177
297 297
297 441
298 24
298 178
298 298
298 442
299 24
299 179
299 299
299 443
300 25
300 168
300 300
300 432
301 25
301 169
301 301
301 433
302 25
302 170
302 302
302 434
303 25
303 171
303 303
303 435
304 25
304 172
304 304
304 436
305 25
305 173
305 305
305 437
306 25
306 174
306 306
306 438
307 25
307 175
307 307
307 439
308 25
308 176
308 308
308 440
309 25
309 177
309 309
309 441
310 25
310 178
310 310
310 442
311 25
311 179
311 311
311 443
312 26
312 168
312 312
312 432
313 26
313 169
313 313
313 433
314 26
314 170
314 314
314 434
315 26
315 171
315 315
315 435
316 26
316 172
316 316
316 436
317 26
317 173
317 317
317 437
318 26
318 174
318 318
318 438
319 26
319 175
319 319
319 439
320 26
320 176
320 320
320 440
321 26
321 177
321 321
321 441
322 26
322 178
322 322
322 442
323 26
323 179
323 323
323 443
324 27
324 168
324 324
324 444
325 27
325 169
325 325
325 445
326 27
326 170
326 326
326 446
327 27
327 171
327 327
327 447
328 27
328 172
328 328
328 448
329 27
329 173
329 329
329 449
330 27
330 174
330 330
330 450
331 27
331 175
331 331
331 451
332 27
332 176
332 332
332 452
333 27
333 177
333 333
333 453
334 27
334 178
334 334
334 454
335 27
335 179
335 335
335 455
336 28
336 168
336 336
336 444
337 28
337 169
337 337
337 445
338 28
338 170
338 338
338 446
339 28
339 171
339 339
339 447
340 28
340 172
340 340
340 448
341 28
341 173
341 341
341 449
342 28
342 174
342 342
342 450
343 28
343 175
343 343
343 451
344 28
344 176
344 344
344 452
345 28
345 177
345 345
345 453
346 28
346 178
346 346
346 454
347 28
347 179
347 347
347 455
348 29
348 168
348 348
348 444
349 29
349 169
349 349
349 445
350 29
350 170
350 350
350 446
351 29
351 171
351 351
351 447
352 29
352 172
352 352
352 448
353 29
353 173
353 353
353 449
354 29
354 174
354 354
354 450
355 29
355 175
355 355
355 451
356 29
356 176
356 356
356 452
357 29
357 177
357 357
357 453
358 29
358 178
358 358
358 454
359 29
359 179
359 359
359 455
360 30
360 168
360 360
360 456
361 30
361 169
361 361
361 457
362 30
362 170
362 362
362 458
363 30
363 171
363 363
363 459
364 30
364 172
364 364
364 460
365 30
365 173
365 365
365 461
366 30
366 174
366 366
366 462
367 30
367 175
367 367
367 463
368 30
368 176
368 368
368 464
369 30
369 177
369 369
369 465
370 30
370 178
370 370
370 466
371 30
371 179
371 371
371 467
372 31
372 168
372 372
372 456
373 31
373 169
373 373
373 457
374 31
374 170
374 374
374 458
375 31
375 171
375 375
375 459
376 31
376 172
376 376
376 460
377 31
377 173
377 377
377 461
378 31
378 174
378 378
378 462
379 31
379 175
379 379
379 463
380 31
380 176
380 380
380 464
381 31
381 177
381 381
381 465
382 31
382 178
382 382
382 466
383 31
383 179
383 383
383 467
384 32
384 168
384 384
384 456
385 32
385 169
385 385
385 457
386 32
386 170
386 386
386 458
387 32
387 171
387 387
387 459
388 32
388 172
388 388
388 460
389 32
389 173
389 389
389 461
390 32
390 174
390 390
390 462
391 32
391 175
391 391
391 463
392 32
392 176
392 392
392 464
393 32
393 177
393 393
393 465
394 32
394 178
394 394
394 466
395 32
395 179
395 395
395 467
396 33
396 168
396 396
396 468
397 33
397 169
397 397
397 469
398 33
398 170
398 398
398 470
399 33
399 171
399 399
399 471
400 33
400 172
400 400
400 472
401 33
401 173
401 401
401 473
402 33
402 174
402 402
402 474
403 33
403 175
403 403
403 475
404 33
404 176
404 404
404 476
405 33
405 177
405 405
405 477
406 33
406 178
406 406
406 478
407 33
407 179
407 407
407 479
408 34
408 168
408 408
408 468
409 34
409 169
409 409
409 469
410 34
410 170
410 410
410 470
411 34
411 171
411 411
411 471
412 34
412 172
412 412
412 472
413 34
413 173
413 413
413 473
414 34
414 174
414 414
414 474
415 34
415 175
415 415
415 475
416 34
416 176
416 416
416 476
417 34
417 177
417 417
417 477
418 34
418 178
418 418
418 478
419 34
419 179
419 419
419 479
420 35
420 168
420 420
420 468
421 35
421 169
421 421
421 469
422 35
422 170
422 422
422 470
423 35
423 171
423 423
423 471
424 35
424 172
424 424
424 472
425 35
425 173
425 425
425 473
426 35
426 174
426 426
426 474
427 35
427 175
427 427
427 475
428 35
428 176
428 428
428 476
429 35
429 177
429 429
429 477
430 35
430 178
430 430
430 478
431 35
431 179
431 431
431 479
432 36
432 180
432 288
432 432
433 36
433 181
433 289
433 433
434 36
434 182
434 290
434 434
435 36
435 183
435 291
435 435
436 36
436 184
436 292
436 436
437 36
437 185
437 293
437 437
438 36
438 186
438 294
438 438
439 36
439 187
439 295
439 439
440 36
440 188
440 296
440 440
441 36
441 189
441 297
441 441
442 36
442 190
442 298
442 442
443 36
443 191
443 299
443 443
444 37
444 180
444 300
444 432
445 37
445 181
445 301
445 433
446 37
446 182
446 302
446 434
447 37
447 183
447 303
447 435
448 37
448 184
448 304
448 436
449 37
449 185
449 305
449 437
450 37
450 186
450 306
450 438
451 37
451 187
451 307
451 439
452 37
452 188
452 308
452 440
453 37
453 189
453 309
453 441
454 37
454 190
454 310
454 442
455 37
455 191
455 311
455 443
456 38
456 180
456 312
456 432
457 38
457 181
457 313
457 433
458 38
458 182
458 314
458 434
459 38
459 183
459 315
459 435
460 38
460 184
460 316
460 436
461 38
461 185
461 317
461 437
462 38
462 186
462 318
462 438
463 38
463 187
463 319
463 439
464 38
464 188
464 320
464 440
465 38
465 189
465 321
465 441
466 38
466 190
466 322
466 442
467 38
467 191
467 323
467 443
468 39
468 180
468 324
468 444
469 39
469 181
469 325
469 445
470 39
470 182
470 326
470 446
471 39
471 183
471 327
471 447
472 39
472 184
472 328
472 448
473 39
473 185
473 329
473 449
474 39
474 186
474 330
474 450
475 39
475 187
475 331
475 451
476 39
476 188
476 332
476 452
477 39
477 189
477 333
477 453
478 39
478 190
478 334
478 454
479 39
479 191
479 335
479 455
480 40
480 180
480 336
480 444
481 40
481 181
481 337
481 445
482 40
482 182
482 338
482 446
483 40
483 183
483 339
483 447
484 40
484 184
484 340
484 448
485 40
485 185
485 341
485 449
486 40
486 186
486 342
486 450
487 40
487 187
487 343
487 451
488 40
488 188
488 344
488 452
489 40
489 189
489 345
489 453
490 40
490 190
490 346
490 454
491 40
491 191
491 347
491 455
492 41
492 180
492 348
492 444
493 41
493 181
493 349
493 445
494 41
494 182
494 350
494 446
495 41
495 183
495 351
495 447
496 41
496 184
496 352
496 448
497 41
497 185
497 353
497 449
498 41
498 186
498 354
498 450
499 41
499 187
499 355
499 451
500 41
500 188
500 356
500 452
501 41
501 189
501 357
501 453
502 41
502 190
502 358
502 454
503 41
503 191
503 359
503 455
504 42
504 180
504 360
504 456
505 42
505 181
505 361
505 457
506 42
506 182
506 362
506 458
507 42
507 183
507 363
507 459
508 42
508 184
508 364
508 460
509 42
509 185
509 365
509 461
510 42
510 186
510 366
510 462
511 42
511 187
511 367
511 463
512 42
512 188
512 368
512 464
513 42
513 189
513 369
513 465
514 42
514 190
514 370
514 466
515 42
515 191
515 371
515 467
516 43
516 180
516 372
516 456
517 43
517 181
517 373
517 457
518 43
518 182
518 374
518 458
519 43
519 183
519 375
519 459
520 43
520 184
520 376
520 460
521 43
521 185
521 377
521 461
522 43
522 186
522 378
522 462
523 43
523 187
523 379
523 463
524 43
524 188
524 380
524 464
525 43
525 189
525 381
525 465
526 43
526 190
526 382
526 466
527 43
527 191
527 383
527 467
528 44
528 180
528 384
528 456
529 44
529 181
529 385
529 457
530 44
530 182
530 386
530 458
531 44
531 183
531 387
531 459
532 44
532 184
532 388
532 460
533 44
533 185
533 389
533 461
534 44
534 186
534 390
534 462
535 44
535 187
535 391
535 463
536 44
536 188
536 392
536 464
537 44
537 189
537 393
537 465
538 44
538 190
538 394
538 466
539 44
539 191
539 395
539 467
540 45
540 180
540 396
540 468
541 45
541 181
541 397
541 469
542 45
542 182
542 398
542 470
543 45
543 183
543 399
543 471
544 45
544 184
544 400
544 472
545 45
545 185
545 401
545 473
546 45
546 186
546 402
546 474
547 45
547 187
547 403
547 475
548 45
548 188
548 404
548 476
549 45
549 189
549 405
549 477
550 45
550 190
550 406
550 478
551 45
551 191
551 407
551 479
552 46
552 180
552 408
552 468
553 46
553 181
553 409
553 469
554 46
554 182
554 410
554 470
555 46
555 183
555 411
555 471
556 46
556 184
556 412
556 472
557 46
557 185
557 413
557 473
558 46
558 186
558 414
558 474
559 46
559 187
559 415
559 475
560 46
560 188
560 416
560 476
561 46
561 189
561 417
561 477
562 46
562 190
562 418
562 478
563 46
563 191
563 419
563 479
564 47
564 180
564 420
564 468
565 47
565 181
565 421
565 469
566 47
566 182
566 422
566 470
567 47
567 183
567 423
567 471
568 47
568 184
568 424
568 472
569 47
569 185
569 425
569 473
570 47
570 186
570 426
570 474
571 47
571 187
571 427
571 475
572 47
572 188
572 428
572 476
573 47
573 189
573 429
573 477
574 47
574 190
574 430
574 478
575 47
575 191
575 431
575 479
576 48
576 192
576 288
576 480
577 48
577 193
577 289
577 481
578 48
578 194
578 290
578 482
579 48
579 195
579 291
579 483
580 48
580 196
580 292
580 484
581 48
581 197
581 293
581 485
582 48
582 198
582 294
582 486
583 48
583 199
583 295
583 487
584 48
584 200
584 296
584 488
585 48
585 201
585 297
585 489
586 48
586 202
586 298
586 490
587 48
587 203
587 299
587 491
588 49
588 192
588 300
588 480
589 49
589 193
589 301
589 481
590 49
590 194
590 302
590 482
591 49
591 195
591 303
591 483
592 49
592 196
592 304
592 484
593 49
593 197
593 305
593 485
594 49
594 198
594 306
594 486
595 49
595 199
595 307
595 487
596 49
596 200
596 308
596 488
597 49
597 201
597 309
597 489
598 49
598 202
598 310
598 490
599 49
599 203
599 311
599 491
600 50
600 192
600 312
600 480
601 50
601 193
601 313
601 481
602 50
602 194
602 314
602 482
603 50
603 195
603 315
603 483
604 50
604 196
604 316
604 484
605 50
605 197
605 317
605 485
606 50
606 198
606 318
606 486
607 50
607 199
607 319
607 487
608 50
608 200
608 320
608 488
609 50
609 201
609 321
609 489
610 50
610 202
610 322
610 490
611 50
611 203
611 323
611 491
612 51
612 192
612 324
612 492
613 51
613 193
613 325
613 493
614 51
614 194
614 326
614 494
615 51
615 195
615 327
615 495
616 51
616 196
616 328
616 496
617 51
617 197
617 329
617 497
618 51
618 198
618 330
618 498
619 51
619 199
619 331
619 499
620 51
620 200
620 332
620 500
621 51
621 201
621 333
621 501
622 51
622 202
622 334
622 502
623 51
623 203
623 335
623 503
624 52
624 192
624 336
624 492
625 52
625 193
625 337
625 493
626 52
626 194
626 338
626 494
627 52
627 195
627 339
627 495
628 52
628 196
628 340
628 496
629 52
629 197
629 341
629 497
630 52
630 198
630 342
630 498
631 52
631 199
631 343
631 499
632 52
632 200
632 344
632 500
633 52
633 201
633 345
633 501
634 52
634 202
634 346
634 502
635 52
635 203
635 347
635 503
636 53
636 192
636 348
636 492
637 53
637 193
637 349
637 493
638 53
638 194
638 350
638 494
639 53
639 195
639 351
639 495
640 53
640 196
640 352
640 496
641 53
641 197
641 353
641 497
642 53
642 198
642 354
642 498
643 53
643 199
643 355
643 499
644 53
644 200
644 356
644 500
645 53
645 201
645 357
645 501
646 53
646 202
646 358
646 502
647 53
647 203
647 359
647 503
648 54
648 192
648 360
648 504
649 54
649 193
649 361
649 505
650 54
650 194
650 362
650 506
651 54
651 195
651 363
651 507
652 54
652 196
652 364
652 508
653 54
653 197
653 365
653 509
654 54
654 198
654 366
654 510
655 54
655 199
655 367
655 511
656 54
656 200
656 368
656 512
657 54
657 201
657 369
657 513
658 54
658 202
658 370
658 514
659 54
659 203
659 371
659 515
660 55
660 192
660 372
660 504
661 55
661 193
661 373
661 505
662 55
662 194
662 374
662 506
663 55
663 195
663 375
663 507
664 55
664 196
664 376
664 508
665 55
665 197
665 377
665 509
666 55
666 198
666 378
666 510
667 55
667 199
667 379
667 511
668 55
668 200
668 380
668 512
669 55
669 201
669 381
669 513
670 55
670 202
670 382
670 514
671 55
671 203
671 383
671 515
672 56
672 192
672 384
672 504
673 56
673 193
673 385
673 505
674 56
674 194
674 386
674 506
675 56
675 195
675 387
675 507
676 56
676 196
676 388
676 508
677 56
677 197
677 389
677 509
678 56
678 198
678 390
678 510
679 56
679 199
679 391
679 511
680 56
680 200
680 392
680 512
681 56
681 201
681 393
681 513
682 56
682 202
682 394
682 514
683 56
683 203
683 395
683 515
684 57
684 192
684 396
684 516
685 57
685 193
685 397
685 517
686 57
686 194
686 398
686 518
687 57
687 195
687 399
687 519
688 57
688 196
688 400
688 520
689 57
689 197
689 401
689 521
690 57
690 198
690 402
690 522
691 57
691 199
691 403
691 523
692 57
692 200
692 404
692 524
693 57
693 201
693 405
693 525
694 57
694 202
694 406
694 526
695 57
695 203
695 407
695 527
696 58
696 192
696 408
696 516
697 58
697 193
697 409
697 517
698 58
698 194
698 410
698 518
699 58
699 195
699 411
699 519
700 58
700 196
700 412
700 520
701 58
701 197
701 413
701 521
702 58
702 198
702 414
702 522
703 58
703 199
703 415
703 523
704 58
704 200
704 416
704 524
705 58
705 201
705 417
705 525
706 58
706 202
706 418
706 526
707 58
707 203
707 419
707 527
708 59
708 192
708 420
708 516
709 59
709 193
709 421
709 517
710 59
710 194
710 422
710 518
711 59
711 195
711 423
711 519
712 59
712 196
712 424
712 520
713 59
713 197
713 425
713 521
714 59
714 198
714 426
714 522
715 59
715 199
715 427
715 523
716 59
716 200
716 428
716 524
717 59
717 201
717 429
717 525
718 59
718 202
718 430
718 526
719 59
719 203
719 431
719 527
720 60
720 204
720 288
720 480
721 60
721 205
721 289
721 481
722 60
722 206
722 290
722 482
723 60
723 207
723 291
723 483
724 60
724 208
724 292
724 484
725 60
725 209
725 293
725 485
726 60
726 210
726 294
726 486
727 60
727 211
727 295
727 487
728 60
728 212
728 296
728 488
729 60
729 213
729 297
729 489
730 60
730 214
730 298
730 490
731 60
731 215
731 299
731 491
732 61
732 204
732 300
732 480
733 61
733 205
733 301
733 481
734 61
734 206
734 302
734 482
735 61
735 207
735 303
735 483
736 61
736 208
736 304
736 484
737 61
737 209
737 305
737 485
738 61
738 210
738 306
738 486
739 61
739 211
739 307
739 487
740 61
740 212
740 308
740 488
741 61
741 213
741 309
741 489
742 61
742 214
742 310
742 490
743 61
743 215
743 311
743 491
744 62
744 204
744 312
744 480
745 62
745 205
745 313
745 481
746 62
746 206
746 314
746 482
747 62
747 207
747 315
747 483
748 62
748 208
748 316
748 484
749 62
749 209
749 317
749 485
750 62
750 210
750 318
750 486
751 62
751 211
751 319
751 487
752 62
752 212
752 320
752 488
753 62
753 213
753 321
753 489
754 62
754 214
754 322
754 490
755 62
755 215
755 323
755 491
756 63
756 204
756 324
756 492
757 63
757 205
757 325
757 493
758 63
758 206
758 326
758 494
759 63
759 207
759 327
759 495
760 63
760 208
760 328
760 496
761 63
761 209
761 329
761 497
762 63
762 210
762 330
762 498
763 63
763 211
763 331
763 499
764 63
764 212
764 332
764 500
765 63
765 213
765 333
765 501
766 63
766 214
766 334
766 502
767 63
767 215
767 335
767 503
768 64
768 204
768 336
768 492
769 64
769 205
769 337
769 493
770 64
770 206
770 338
770 494
771 64
771 207
771 339
771 495
772 64
772 208
772 340
772 496
773 64
773 209
773 341
773 497
774 64
774 210
774 342
774 498
775 64
775 211
775 343
775 499
776 64
776 212
776 344
776 500
777 64
777 213
777 345
777 501
778 64
778 214
778 346
778 502
779 64
779 215
779 347
779 503
780 65
780 204
780 348
780 492
781 65
781 205
781 349
781 493
782 65
782 206
782 350
782 494
783 65
783 207
783 351
783 495
784 65
784 208
784 352
784 496
785 65
785 209
785 353
785 497
786 65
786 210
786 354
786 498
787 65
787 211
787 355
787 499
788 65
788 212
788 356
788 500
789 65
789 213
789 357
789 501
790 65
790 214
790 358
790 502
791 65
791 215
791 359
791 503
792 66
792 204
792 360
792 504
793 66
793 205
793 361
793 505
794 66
794 206
794 362
794 506
795 66
795 207
795 363
795 507
796 66
796 208
796 364
796 508
797 66
797 209
797 365
797 509
798 66
798 210
798 366
798 510
799 66
799 211
799 367
799 511
800 66
800 212
800 368
800 512
801 66
801 213
801 369
801 513
802 66
802 214
802 370
802 514
803 66
803 215
803 371
803 515
804 67
804 204
804 372
804 504
805 67
805 205
805 373
805 505
806 67
806 206
806 374
806 506
807 67
807 207
807 375
807 507
808 67
808 208
808 376
808 508
809 67
809 209
809 377
809 509
810 67
810 210
810 378
810 510
811 67
811 211
811 379
811 511
812 67
812 212
812 380
812 512
813 67
813 213
813 381
813 513
814 67
814 214
814 382
814 514
815 67
815 215
815 383
815 515
816 68
816 204
816 384
816 504
817 68
817 205
817 385
817 505
818 68
818 206
818 386
818 506
819 68
819 207
819 387
819 507
820 68
820 208
820 388
820 508
821 68
821 209
821 389
821 509
822 68
822 210
822 390
822 510
823 68
823 211
823 391
823 511
824 68
824 212
824 392
824 512
825 68
825 213
825 393
825 513
826 68
826 214
826 394
826 514
827 68
827 215
827 395
827 515
828 69
828 204
828 396
828 516
829 69
829 205
829 397
829 517
830 69
830 206
830 398
830 518
831 69
831 207
831 399
831 519
832 69
832 208
832 400
832 520
833 69
833 209
833 401
833 521
834 69
834 210
834 402
834 522
835 69
835 211
835 403
835 523
836 69
836 212
836 404
836 524
837 69
837 213
837 405
837 525
838 69
838 214
838 406
838 526
839 69
839 215
839 407
839 527
840 70
840 204
840 408
840 516
841 70
841 205
841 409
841 517
842 70
842 206
842 410
842 518
843 70
843 207
843 411
843 519
844 70
844 208
844 412
844 520
845 70
845 209
845 413
845 521
846 70
846 210
846 414
846 522
847 70
847 211
847 415
847 523
848 70
848 212
848 416
848 524
849 70
849 213
849 417
849 525
850 70
850 214
850 418
850 526
851 70
851 215
851 419
851 527
852 71
852 204
852 420
852 516
853 71
853 205
853 421
853 517
854 71
854 206
854 422
854 518
855 71
855 207
855 423
855 519
856 71
856 208
856 424
856 520
857 71
857 209
857 425
857 521
858 71
858 210
858 426
858 522
859 71
859 211
859 427
859 523
860 71
860 212
860 428
860 524
861 71
861 213
861 429
861 525
862 71
862 214
862 430
862 526
863 71
863 215
863 431
863 527
864 72
864 216
864 288
864 480
865 72
865 217
865 289
865 481
866 72
866 218
866 290
866 482
867 72
867 219
867 291
867 483
868 72
868 220
868 292
868 484
869 72
869 221
869 293
869 485
870 72
870 222
870 294
870 486
871 72
871 223
871 295
871 487
872 72
872 224
872 296
872 488
873 72
873 225
873 297
873 489
874 72
874 226
874 298
874 490
875 72
875 227
875 299
875 491
876 73
876 216
876 300
876 480
877 73
877 217
877 301
877 481
878 73
878 218
878 302
878 482
879 73
879 219
879 303
879 483
880 73
880 220
880 304
880 484
881 73
881 221
881 305
881 485
882 73
882 222
882 306
882 486
883 73
883 223
883 307
883 487
884 73
884 224
884 308
884 488
885 73
885 225
885 309
885 489
886 73
886 226
886 310
886 490
887 73
887 227
887 311
887 491
888 74
888 216
888 312
888 480
889 74
889 217
889 313
889 481
890 74
890 218
890 314
890 482
891 74
891 219
891 315
891 483
892 74
892 220
892 316
892 484
893 74
893 221
893 317
893 485
894 74
894 222
894 318
894 486
895 74
895 223
895 319
895 487
896 74
896 224
896 320
896 488
897 74
897 225
897 321
897 489
898 74
898 226
898 322
898 490
899 74
899 227
899 323
899 491
900 75
900 216
900 324
900 492
901 75
901 217
901 325
901 493
902 75
902 218
902 326
902 494
903 75
903 219
903 327
903 495
904 75
904 220
904 328
904 496
905 75
905 221
905 329
905 497
906 75
906 222
906 330
906 498
907 75
907 223
907 331
907 499
908 75
908 224
908 332
908 500
909 75
909 225
909 333
909 501
910 75
910 226
910 334
910 502
911 75
911 227
911 335
911 503
912 76
912 216
912 336
912 492
913 76
913 217
913 337
913 493
914 76
914 218
914 338
914 494
915 76
915 219
915 339
915 495
916 76
916 220
916 340
916 496
917 76
917 221
917 341
917 497
918 76
918 222
918 342
918 498
919 76
919 223
919 343
919 499
920 76
920 224
920 344
920 500
921 76
921 225
921 345
921 501
922 76
922 226
922 346
922 502
923 76
923 227
923 347
923 503
924 77
924 216
924 348
924 492
925 77
925 217
925 349
925 493
926 77
926 218
926 350
926 494
927 77
927 219
927 351
927 495
928 77
928 220
928 352
928 496
929 77
929 221
929 353
929 497
930 77
930 222
930 354
930 498
931 77
931 223
931 355
931 499
932 77
932 224
932 356
932 500
933 77
933 225
933 357
933 501
934 77
934 226
934 358
934 502
935 77
935 227
935 359
935 503
936 78
936 216
936 360
936 504
937 78
937 217
937 361
937 505
938 78
938 218
938 362
938 506
939 78
939 219
939 363
939 507
940 78
940 220
940 364
940 508
941 78
941 221
941 365
941 509
942 78
942 222
942 366
942 510
943 78
943 223
943 367
943 511
944 78
944 224
944 368
944 512
945 78
945 225
945 369
945 513
946 78
946 226
946 370
946 514
947 78
947 227
947 371
947 515
948 79
948 216
948 372
948 504
949 79
949 217
949 373
949 505
950 79
950 218
950 374
950 506
951 79
951 219
951 375
951 507
952 79
952 220
952 376
952 508
953 79
953 221
953 377
953 509
954 79
954 222
954 378
954 510
955 79
955 223
955 379
955 511
956 79
956 224
956 380
956 512
957 79
957 225
957 381
957 513
958 79
958 226
958 382
958 514
959 79
959 227
959 383
959 515
960 80
960 216
960 384
960 504
961 80
961 217
961 385
961 505
962 80
962 218
962 386
962 506
963 80
963 219
963 387
963 507
964 80
964 220
964 388
964 508
965 80
965 221
965 389
965 509
966 80
966 222
966 390
966 510
967 80
967 223
967 391
967 511
968 80
968 224
968 392
968 512
969 80
969 225
969 393
969 513
970 80
970 226
970 394
970 514
971 80
971 227
971 395
971 515
972 81
972 216
972 396
972 516
973 81
973 217
973 397
973 517
974 81
974 218
974 398
974 518
975 81
975 219
975 399
975 519
976 81
976 220
976 400
976 520
977 81
977 221
977 401
977 521
978 81
978 222
978 402
978 522
979 81
979 223
979 403
979 523
980 81
980 224
980 404
980 524
981 81
981 225
981 405
981 525
982 81
982 226
982 406
982 526
983 81
983 227
983 407
983 527
984 82
984 216
984 408
984 516
985 82
985 217
985 409
985 517
986 82
986 218
986 410
986 518
987 82
987 219
987 411
987 519
988 82
988 220
988 412
988 520
989 82
989 221
989 413
989 521
990 82
990 222
990 414
990 522
991 82
991 223
991 415
991 523
992 82
992 224
992 416
992 524
993 82
993 225
993 417
993 525
994 82
994 226
994 418
994 526
995 82
995 227
995 419
995 527
996 83
996 216
996 420
996 516
997 83
997 217
997 421
997 517
998 83
998 218
998 422
998 518
999 83
999 219
999 423
999 519
1000 83
1000 220
1000 424
1000 520
1001 83
1001 221
1001 425
1001 521
1002 83
1002 222
1002 426
1002 522
1003 83
1003 223
1003 427
1003 523
1004 83
1004 224
1004 428
1004 524
1005 83
1005 225
1005 429
1005 525
1006 83
1006 226
1006 430
1006 526
1007 83
1007 227
1007 431
1007 527
1008 84
1008 228
1008 288
1008 480
1009 84
1009 229
1009 289
1009 481
1010 84
1010 230
1010 290
1010 482
1011 84
1011 231
1011 291
1011 483
1012 84
1012 232
1012 292
1012 484
1013 84
1013 233
1013 293
1013 485
1014 84
1014 234
1014 294
1014 486
1015 84
1015 235
1015 295
1015 487
1016 84
1016 236
1016 296
1016 488
1017 84
1017 237
1017 297
1017 489
1018 84
1018 238
1018 298
1018 490
1019 84
1019 239
1019 299
1019 491
1020 85
1020 228
1020 300
1020 480
1021 85
1021 229
1021 301
1021 481
1022 85
1022 230
1022 302
1022 482
1023 85
1023 231
1023 303
1023 483
1024 85
1024 232
1024 304
1024 484
1025 85
1025 233
1025 305
1025 485
1026 85
1026 234
1026 306
1026 486
1027 85
1027 235
1027 307
1027 487
1028 85
1028 236
1028 308
1028 488
1029 85
1029 237
1029 309
1029 489
1030 85
1030 238
1030 310
1030 490
1031 85
1031 239
1031 311
1031 491
1032 86
1032 228
1032 312
1032 480
1033 86
1033 229
1033 313
1033 481
1034 86
1034 230
1034 314
1034 482
1035 86
1035 231
1035 315
1035 483
1036 86
1036 232
1036 316
1036 484
1037 86
1037 233
1037 317
1037 485
1038 86
1038 234
1038 318
1038 486
1039 86
1039 235
1039 319
1039 487
1040 86
1040 236
1040 320
1040 488
1041 86
1041 237
1041 321
1041 489
1042 86
1042 238
1042 322
1042 490
1043 86
1043 239
1043 323
1043 491
1044 87
1044 228
1044 324
1044 492
1045 87
1045 229
1045 325
1045 493
1046 87
1046 230
1046 326
1046 494
1047 87
1047 231
1047 327
1047 495
1048 87
1048 232
1048 328
1048 496
1049 87
1049 233
1049 329
1049 497
1050 87
1050 234
1050 330
1050 498
1051 87
1051 235
1051 331
1051 499
1052 87
1052 236
1052 332
1052 500
1053 87
1053 237
1053 333
1053 501
1054 87
1054 238
1054 334
1054 502
1055 87
1055 239
1055 335
1055 503
1056 88
1056 228
1056 336
1056 492
1057 88
1057 229
1057 337
1057 493
1058 88
1058 230
1058 338
1058 494
1059 88
1059 231
1059 339
1059 495
1060 88
1060 232
1060 340
1060 496
1061 88
1061 233
1061 341
1061 497
1062 88
1062 234
1062 342
1062 498
1063 88
1063 235
1063 343
1063 499
1064 88
1064 236
1064 344
1064 500
1065 88
1065 237
1065 345
1065 501
1066 88
1066 238
1066 346
1066 502
1067 88
1067 239
1067 347
1067 503
1068 89
1068 228
1068 348
1068 492
1069 89
1069 229
1069 349
1069 493
1070 89
1070 230
1070 350
1070 494
1071 89
1071 231
1071 351
1071 495
1072 89
1072 232
1072 352
1072 496
1073 89
1073 233
1073 353
1073 497
1074 89
1074 234
1074 354
1074 498
1075 89
1075 235
1075 355
1075 499
1076 89
1076 236
1076 356
1076 500
1077 89
1077 237
1077 357
1077 501
1078 89
1078 238
1078 358
1078 502
1079 89
1079 239
1079 359
1079 503
1080 90
1080 228
1080 360
1080 504
1081 90
1081 229
1081 361
1081 505
1082 90
1082 230
1082 362
1082 506
1083 90
1083 231
1083 363
1083 507
1084 90
1084 232
1084 364
1084 508
1085 90
1085 233
1085 365
1085 509
1086 90
1086 234
1086 366
1086 510
1087 90
1087 235
1087 367
1087 511
1088 90
1088 236
1088 368
1088 512
1089 90
1089 237
1089 369
1089 513
1090 90
1090 238
1090 370
1090 514
1091 90
1091 239
1091 371
1091 515
1092 91
1092 228
1092 372
1092 504
1093 91
1093 229
1093 373
1093 505
1094 91
1094 230
1094 374
1094 506
1095 91
1095 231
1095 375
1095 507
1096 91
1096 232
1096 376
1096 508
1097 91
1097 233
1097 377
1097 509
1098 91
1098 234
1098 378
1098 510
1099 91
1099 235
1099 379
1099 511
1100 91
1100 236
1100 380
1100 512
1101 91
1101 237
1101 381
1101 513
1102 91
1102 238
1102 382
1102 514
1103 91
1103 239
1103 383
1103 515
1104 92
1104 228
1104 384
1104 504
1105 92
1105 229
1105 385
1105 505
1106 92
1106 230
1106 386
1106 506
1107 92
1107 231
1107 387
1107 507
1108 92
1108 232
1108 388
1108 508
1109 92
1109 233
1109 389
1109 509
1110 92
1110 234
1110 390
1110 510
1111 92
1111 235
1111 391
1111 511
1112 92
1112 236
1112 392
1112 512
1113 92
1113 237
1113 393
1113 513
1114 92
1114 238
1114 394
1114 514
1115 92
1115 239
1115 395
1115 515
1116 93
1116 228
1116 396
1116 516
1117 93
1117 229
1117 397
1117 517
1118 93
1118 230
1118 398
1118 518
1119 93
1119 231
1119 399
1119 519
1120 93
1120 232
1120 400
1120 520
1121 93
1121 233
1121 401
1121 521
1122 93
1122 234
1122 402
1122 522
1123 93
1123 235
1123 403
1123 523
1124 93
1124 236
1124 404
1124 524
1125 93
1125 237
1125 405
1125 525
1126 93
1126 238
1126 406
1126 526
1127 93
1127 239
1127 407
1127 527
1128 94
1128 228
1128 408
1128 516
1129 94
1129 229
1129 409
1129 517
1130 94
1130 230
1130 410
1130 518
1131 94
1131 231
1131 411
1131 519
1132 94
1132 232
1132 412
1132 520
1133 94
1133 233
1133 413
1133 521
1134 94
1134 234
1134 414
1134 522
1135 94
1135 235
1135 415
1135 523
1136 94
1136 236
1136 416
1136 524
1137 94
1137 237
1137 417
1137 525
1138 94
1138 238
1138 418
1138 526
1139 94
1139 239
1139 419
1139 527
1140 95
1140 228
1140 420
1140 516
1141 95
1141 229
1141 421
1141 517
1142 95
1142 230
1142 422
1142 518
1143 95
1143 231
1143 423
1143 519
1144 95
1144 232
1144 424
1144 520
1145 95
1145 233
1145 425
1145 521
1146 95
1146 234
1146 426
1146 522
1147 95
1147 235
1147 427
1147 523
1148 95
1148 236
1148 428
1148 524
1149 95
1149 237
1149 429
1149 525
1150 95
1150 238
1150 430
1150 526
1151 95
1151 239
1151 431
1151 527
1152 96
1152 240
1152 288
1152 528
1153 96
1153 241
1153 289
1153 529
1154 96
1154 242
1154 290
1154 530
1155 96
1155 243
1155 291
1155 531
1156 96
1156 244
1156 292
1156 532
1157 96
1157 245
1157 293
1157 533
1158 96
1158 246
1158 294
1158 534
1159 96
1159 247
1159 295
1159 535
1160 96
1160 248
1160 296
1160 536
1161 96
1161 249
1161 297
1161 537
1162 96
1162 250
1162 298
1162 538
1163 96
1163 251
1163 299
1163 539
1164 97
1164 240
1164 300
1164 528
1165 97
1165 241
1165 301
1165 529
1166 97
1166 242
1166 302
1166 530
1167 97
1167 243
1167 303
1167 531
1168 97
1168 244
1168 304
1168 532
1169 97
1169 245
1169 305
1169 533
1170 97
1170 246
1170 306
1170 534
1171 97
1171 247
1171 307
1171 535
1172 97
1172 248
1172 308
1172 536
1173 97
1173 249
1173 309
1173 537
1174 97
1174 250
1174 310
1174 538
1175 97
1175 251
1175 311
1175 539
1176 98
1176 240
1176 312
1176 528
1177 98
1177 241
1177 313
1177 529
1178 98
1178 242
1178 314
1178 530
1179 98
1179 243
1179 315
1179 531
1180 98
1180 244
1180 316
1180 532
1181 98
1181 245
1181 317
1181 533
1182 98
1182 246
1182 318
1182 534
1183 98
1183 247
1183 319
1183 535
1184 98
1184 248
1184 320
1184 536
1185 98
1185 249
1185 321
1185 537
1186 98
1186 250
1186 322
1186 538
1187 98
1187 251
1187 323
1187 539
1188 99
1188 240
1188 324
1188 540
1189 99
1189 241
1189 325
1189 541
1190 99
1190 242
1190 326
1190 542
1191 99
1191 243
1191 327
1191 543
1192 99
1192 244
1192 328
1192 544
1193 99
1193 245
1193 329
1193 545
1194 99
1194 246
1194 330
1194 546
1195 99
1195 247
1195 331
1195 547
1196 99
1196 248
1196 332
1196 548
1197 99
1197 249
1197 333
1197 549
1198 99
1198 250
1198 334
1198 550
1199 99
1199 251
1199 335
1199 551
1200 100
1200 240
1200 336
1200 540
1201 100
1201 241
1201 337
1201 541
1202 100
1202 242
1202 338
1202 542
1203 100
1203 243
1203 339
1203 543
1204 100
1204 244
1204 340
1204 544
1205 100
1205 245
1205 341
1205 545
1206 100
1206 246
1206 342
1206 546
1207 100
1207 247
1207 343
1207 547
1208 100
1208 248
1208 344
1208 548
1209 100
1209 249
1209 345
1209 549
1210 100
1210 250
1210 346
1210 550
1211 100
1211 251
1211 347
1211 551
1212 101
1212 240
1212 348
1212 540
1213 101
1213 241
1213 349
1213 541
1214 101
1214 242
1214 350
1214 542
1215 101
1215 243
1215 351
1215 543
1216 101
1216 244
1216 352
1216 544
1217 101
1217 245
1217 353
1217 545
1218 101
1218 246
1218 354
1218 546
1219 101
1219 247
1219 355
1219 547
1220 101
1220 248
1220 356
1220 548
1221 101
1221 249
1221 357
1221 549
1222 101
1222 250
1222 358
1222 550
1223 101
1223 251
1223 359
1223 551
1224 102
1224 240
1224 360
1224 552
1225 102
1225 241
1225 361
1225 553
1226 102
1226 242
1226 362
1226 554
1227 102
1227 243
1227 363
1227 555
1228 102
1228 244
1228 364
1228 556
1229 102
1229 245
1229 365
1229 557
1230 102
1230 246
1230 366
1230 558
1231 102
1231 247
1231 367
1231 559
1232 102
1232 248
1232 368
1232 560
1233 102
1233 249
1233 369
1233 561
1234 102
1234 250
1234 370
1234 562
1235 102
1235 251
1235 371
1235 563
1236 103
1236 240
1236 372
1236 552
1237 103
1237 241
1237 373
1237 553
1238 103
1238 242
1238 374
1238 554
1239 103
1239 243
1239 375
1239 555
1240 103
1240 244
1240 376
1240 556
1241 103
1241 245
1241 377
1241 557
1242 103
1242 246
1242 378
1242 558
1243 103
1243 247
1243 379
1243 559
1244 103
1244 248
1244 380
1244 560
1245 103
1245 249
1245 381
1245 561
1246 103
1246 250
1246 382
1246 562
1247 103
1247 251
1247 383
1247 563
1248 104
1248 240
1248 384
1248 552
1249 104
1249 241
1249 385
1249 553
1250 104
1250 242
1250 386
1250 554
1251 104
1251 243
1251 387
1251 555
1252 104
1252 244
1252 388
1252 556
1253 104
1253 245
1253 389
1253 557
1254 104
1254 246
1254 390
1254 558
1255 104
1255 247
1255 391
1255 559
1256 104
1256 248
1256 392
1256 560
1257 104
1257 249
1257 393
1257 561
1258 104
1258 250
1258 394
1258 562
1259 104
1259 251
1259 395
1259 563
1260 105
1260 240
1260 396
1260 564
1261 105
1261 241
1261 397
1261 565
1262 105
1262 242
1262 398
1262 566
1263 105
1263 243
1263 399
1263 567
1264 105
1264 244
1264 400
1264 568
1265 105
1265 245
1265 401
1265 569
1266 105
1266 246
1266 402
1266 570
1267 105
1267 247
1267 403
1267 571
1268 105
1268 248
1268 404
1268 572
1269 105
1269 249
1269 405
1269 573
1270 105
1270 250
1270 406
1270 574
1271 105
1271 251
1271 407
1271 575
1272 106
1272 240
1272 408
1272 564
1273 106
1273 241
1273 409
1273 565
1274 106
1274 242
1274 410
1274 566
1275 106
1275 243
1275 411
1275 567
1276 106
1276 244
1276 412
1276 568
1277 106
1277 245
1277 413
1277 569
1278 106
1278 246
1278 414
1278 570
1279 106
1279 247
1279 415
1279 571
1280 106
1280 248
1280 416
1280 572
1281 106
1281 249
1281 417
1281 573
1282 106
1282 250
1282 418
1282 574
1283 106
1283 251
1283 419
1283 575
1284 107
1284 240
1284 420
1284 564
1285 107
1285 241
1285 421
1285 565
1286 107
1286 242
1286 422
1286 566
1287 107
1287 243
1287 423
1287 567
1288 107
1288 244
1288 424
1288 568
1289 107
1289 245
1289 425
1289 569
1290 107
1290 246
1290 426
1290 570
1291 107
1291 247
1291 427
1291 571
1292 107
1292 248
1292 428
1292 572
1293 107
1293 249
1293 429
1293 573
1294 107
1294 250
1294 430
1294 574
1295 107
1295 251
1295 431
1295 575
1296 108
1296 252
1296 288
1296 528
1297 108
1297 253
1297 289
1297 529
1298 108
1298 254
1298 290
1298 530
1299 108
1299 255
1299 291
1299 531
1300 108
1300 256
1300 292
1300 532
1301 108
1301 257
1301 293
1301 533
1302 108
1302 258
1302 294
1302 534
1303 108
1303 259
1303 295
1303 535
1304 108
1304 260
1304 296
1304 536
1305 108
1305 261
1305 297
1305 537
1306 108
1306 262
1306 298
1306 538
1307 108
1307 263
1307 299
1307 539
1308 109
1308 252
1308 300
1308 528
1309 109
1309 253
1309 301
1309 529
1310 109
1310 254
1310 302
1310 530
1311 109
1311 255
1311 303
1311 531
1312 109
1312 256
1312 304
1312 532
1313 109
1313 257
1313 305
1313 533
1314 109
1314 258
1314 306
1314 534
1315 109
1315 259
1315 307
1315 535
1316 109
1316 260
1316 308
1316 536
1317 109
1317 261
1317 309
1317 537
1318 109
1318 262
1318 310
1318 538
1319 109
1319 263
1319 311
1319 539
1320 110
1320 252
1320 312
1320 528
1321 110
1321 253
1321 313
1321 529
1322 110
1322 254
1322 314
1322 530
1323 110
1323 255
1323 315
1323 531
1324 110
1324 256
1324 316
1324 532
1325 110
1325 257
1325 317
1325 533
1326 110
1326 258
1326 318
1326 534
1327 110
1327 259
1327 319
1327 535
1328 110
1328 260
1328 320
1328 536
1329 110
1329 261
1329 321
1329 537
1330 110
1330 262
1330 322
1330 538
1331 110
1331 263
1331 323
1331 539
1332 111
1332 252
1332 324
1332 540
1333 111
1333 253
1333 325
1333 541
1334 111
1334 254
1334 326
1334 542
1335 111
1335 255
1335 327
1335 543
1336 111
1336 256
1336 328
1336 544
1337 111
1337 257
1337 329
1337 545
1338 111
1338 258
1338 330
1338 546
1339 111
1339 259
1339 331
1339 547
1340 111
1340 260
1340 332
1340 548
1341 111
1341 261
1341 333
1341 549
1342 111
1342 262
1342 334
1342 550
1343 111
1343 263
1343 335
1343 551
1344 112
1344 252
1344 336
1344 540
1345 112
1345 253
1345 337
1345 541
1346 112
1346 254
1346 338
1346 542
1347 112
1347 255
1347 339
1347 543
1348 112
1348 256
1348 340
1348 544
1349 112
1349 257
1349 341
1349 545
1350 112
1350 258
1350 342
1350 546
1351 112
1351 259
1351 343
1351 547
1352 112
1352 260
1352 344
1352 548
1353 112
1353 261
1353 345
1353 549
1354 112
1354 262
1354 346
1354 550
1355 112
1355 263
1355 347
1355 551
1356 113
1356 252
1356 348
1356 540
1357 113
1357 253
1357 349
1357 541
1358 113
1358 254
1358 350
1358 542
1359 113
1359 255
1359 351
1359 543
1360 113
1360 256
1360 352
1360 544
1361 113
1361 257
1361 353
1361 545
1362 113
1362 258
1362 354
1362 546
1363 113
1363 259
1363 355
1363 547
1364 113
1364 260
1364 356
1364 548
1365 113
1365 261
1365 357
1365 549
1366 113
1366 262
1366 358
1366 550
1367 113
1367 263
1367 359
1367 551
1368 114
1368 252
1368 360
1368 552
1369 114
1369 253
1369 361
1369 553
1370 114
1370 254
1370 362
1370 554
1371 114
1371 255
1371 363
1371 555
1372 114
1372 256
1372 364
1372 556
1373 114
1373 257
1373 365
1373 557
1374 114
1374 258
1374 366
1374 558
1375 114
1375 259
1375 367
1375 559
1376 114
1376 260
1376 368
1376 560
1377 114
1377 261
1377 369
1377 561
1378 114
1378 262
1378 370
1378 562
1379 114
1379 263
1379 371
1379 563
1380 115
1380 252
1380 372
1380 552
1381 115
1381 253
1381 373
1381 553
1382 115
1382 254
1382 374
1382 554
1383 115
1383 255
1383 375
1383 555
1384 115
1384 256
1384 376
1384 556
1385 115
1385 257
1385 377
1385 557
1386 115
1386 258
1386 378
1386 558
1387 115
1387 259
1387 379
1387 559
1388 115
1388 260
1388 380
1388 560
1389 115
1389 261
1389 381
1389 561
1390 115
1390 262
1390 382
1390 562
1391 115
1391 263
1391 383
1391 563
1392 116
1392 252
1392 384
1392 552
1393 116
1393 253
1393 385
1393 553
1394 116
1394 254
1394 386
1394 554
1395 116
1395 255
1395 387
1395 555
1396 116
1396 256
1396 388
1396 556
1397 116
1397 257
1397 389
1397 557
1398 116
1398 258
1398 390
1398 558
1399 116
1399 259
1399 391
1399 559
1400 116
1400 260
1400 392
1400 560
1401 116
1401 261
1401 393
1401 561
1402 116
1402 262
1402 394
1402 562
1403 116
1403 263
1403 395
1403 563
1404 117
1404 252
1404 396
1404 564
1405 117
1405 253
1405 397
1405 565
1406 117
1406 254
1406 398
1406 566
1407 117
1407 255
1407 399
1407 567
1408 117
1408 256
1408 400
1408 568
1409 117
1409 257
1409 401
1409 569
1410 117
1410 258
1410 402
1410 570
1411 117
1411 259
1411 403
1411 571
1412 117
1412 260
1412 404
1412 572
1413 117
1413 261
1413 405
1413 573
1414 117
1414 262
1414 406
1414 574
1415 117
1415 263
1415 407
1415 575
1416 118
1416 252
1416 408
1416 564
1417 118
1417 253
1417 409
1417 565
1418 118
1418 254
1418 410
1418 566
1419 118
1419 255
1419 411
1419 567
1420 118
1420 256
1420 412
1420 568
1421 118
1421 257
1421 413
1421 569
1422 118
1422 258
1422 414
1422 570
1423 118
1423 259
1423 415
1423 571
1424 118
1424 260
1424 416
1424 572
1425 118
1425 261
1425 417
1425 573
1426 118
1426 262
1426 418
1426 574
1427 118
1427 263
1427 419
1427 575
1428 119
1428 252
1428 420
1428 564
1429 119
1429 253
1429 421
1429 565
1430 119
1430 254
1430 422
1430 566
1431 119
1431 255
1431 423
1431 567
1432 119
1432 256
1432 424
1432 568
1433 119
1433 257
1433 425
1433 569
1434 119
1434 258
1434 426
1434 570
1435 119
1435 259
1435 427
1435 571
1436 119
1436 260
1436 428
1436 572
1437 119
1437 261
1437 429
1437 573
1438 119
1438 262
1438 430
1438 574
1439 119
1439 263
1439 431
1439 575
1440 120
1440 264
1440 288
1440 528
1441 120
1441 265
1441 289
1441 529
1442 120
1442 266
1442 290
1442 530
1443 120
1443 267
1443 291
1443 531
1444 120
1444 268
1444 292
1444 532
1445 120
1445 269
1445 293
1445 533
1446 120
1446 270
1446 294
1446 534
1447 120
1447 271
1447 295
1447 535
1448 120
1448 272
1448 296
1448 536
1449 120
1449 273
1449 297
1449 537
1450 120
1450 274
1450 298
1450 538
1451 120
1451 275
1451 299
1451 539
1452 121
1452 264
1452 300
1452 528
1453 121
1453 265
1453 301
1453 529
1454 121
1454 266
1454 302
1454 530
1455 121
1455 267
1455 303
1455 531
1456 121
1456 268
1456 304
1456 532
1457 121
1457 269
1457 305
1457 533
1458 121
1458 270
1458 306
1458 534
1459 121
1459 271
1459 307
1459 535
1460 121
1460 272
1460 308
1460 536
1461 121
1461 273
1461 309
1461 537
1462 121
1462 274
1462 310
1462 538
1463 121
1463 275
1463 311
1463 539
1464 122
1464 264
1464 312
1464 528
1465 122
1465 265
1465 313
1465 529
1466 122
1466 266
1466 314
1466 530
1467 122
1467 267
1467 315
1467 531
1468 122
1468 268
1468 316
1468 532
1469 122
1469 269
1469 317
1469 533
1470 122
1470 270
1470 318
1470 534
1471 122
1471 271
1471 319
1471 535
1472 122
1472 272
1472 320
1472 536
1473 122
1473 273
1473 321
1473 537
1474 122
1474 274
1474 322
1474 538
1475 122
1475 275
1475 323
1475 539
1476 123
1476 264
1476 324
1476 540
1477 123
1477 265
1477 325
1477 541
1478 123
1478 266
1478 326
1478 542
1479 123
1479 267
1479 327
1479 543
1480 123
1480 268
1480 328
1480 544
1481 123
1481 269
1481 329
1481 545
1482 123
1482 270
1482 330
1482 546
1483 123
1483 271
1483 331
1483 547
1484 123
1484 272
1484 332
1484 548
1485 123
1485 273
1485 333
1485 549
1486 123
1486 274
1486 334
1486 550
1487 123
1487 275
1487 335
1487 551
1488 124
1488 264
1488 336
1488 540
1489 124
1489 265
1489 337
1489 541
1490 124
1490 266
1490 338
1490 542
1491 124
1491 267
1491 339
1491 543
1492 124
1492 268
1492 340
1492 544
1493 124
1493 269
1493 341
1493 545
1494 124
1494 270
1494 342
1494 546
1495 124
1495 271
1495 343
1495 547
1496 124
1496 272
1496 344
1496 548
1497 124
1497 273
1497 345
1497 549
1498 124
1498 274
1498 346
1498 550
1499 124
1499 275
1499 347
1499 551
1500 125
1500 264
1500 348
1500 540
1501 125
1501 265
1501 349
1501 541
1502 125
1502 266
1502 350
1502 542
1503 125
1503 267
1503 351
1503 543
1504 125
1504 268
1504 352
1504 544
1505 125
1505 269
1505 353
1505 545
1506 125
1506 270
1506 354
1506 546
1507 125
1507 271
1507 355
1507 547
1508 125
1508 272
1508 356
1508 548
1509 125
1509 273
1509 357
1509 549
1510 125
1510 274
1510 358
1510 550
1511 125
1511 275
1511 359
1511 551
1512 126
1512 264
1512 360
1512 552
1513 126
1513 265
1513 361
1513 553
1514 126
1514 266
1514 362
1514 554
1515 126
1515 267
1515 363
1515 555
1516 126
1516 268
1516 364
1516 556
1517 126
1517 269
1517 365
1517 557
1518 126
1518 270
1518 366
1518 558
1519 126
1519 271
1519 367
1519 559
1520 126
1520 272
1520 368
1520 560
1521 126
1521 273
1521 369
1521 561
1522 126
1522 274
1522 370
1522 562
1523 126
1523 275
1523 371
1523 563
1524 127
1524 264
1524 372
1524 552
1525 127
1525 265
1525 373
1525 553
1526 127
1526 266
1526 374
1526 554
1527 127
1527 267
1527 375
1527 555
1528 127
1528 268
1528 376
1528 556
1529 127
1529 269
1529 377
1529 557
1530 127
1530 270
1530 378
1530 558
1531 127
1531 271
1531 379
1531 559
1532 127
1532 272
1532 380
1532 560
1533 127
1533 273
1533 381
1533 561
1534 127
1534 274
1534 382
1534 562
1535 127
1535 275
1535 383
1535 563
1536 128
1536 264
1536 384
1536 552
1537 128
1537 265
1537 385
1537 553
1538 128
1538 266
1538 386
1538 554
1539 128
1539 267
1539 387
1539 555
1540 128
1540 268
1540 388
1540 556
1541 128
1541 269
1541 389
1541 557
1542 128
1542 270
1542 390
1542 558
1543 128
1543 271
1543 391
1543 559
1544 128
1544 272
1544 392
1544 560
1545 128
1545 273
1545 393
1545 561
1546 128
1546 274
1546 394
1546 562
1547 128
1547 275
1547 395
1547 563
1548 129
1548 264
1548 396
1548 564
1549 129
1549 265
1549 397
1549 565
1550 129
1550 266
1550 398
1550 566
1551 129
1551 267
1551 399
1551 567
1552 129
1552 268
1552 400
1552 568
1553 129
1553 269
1553 401
1553 569
1554 129
1554 270
1554 402
1554 570
1555 129
1555 271
1555 403
1555 571
1556 129
1556 272
1556 404
1556 572
1557 129
1557 273
1557 405
1557 573
1558 129
1558 274
1558 406
1558 574
1559 129
1559 275
1559 407
1559 575
1560 130
1560 264
1560 408
1560 564
1561 130
1561 265
1561 409
1561 565
1562 130
1562 266
1562 410
1562 566
1563 130
1563 267
1563 411
1563 567
1564 130
1564 268
1564 412
1564 568
1565 130
1565 269
1565 413
1565 569
1566 130
1566 270
1566 414
1566 570
1567 130
1567 271
1567 415
1567 571
1568 130
1568 272
1568 416
1568 572
1569 130
1569 273
1569 417
1569 573
1570 130
1570 274
1570 418
1570 574
1571 130
1571 275
1571 419
1571 575
1572 131
1572 264
1572 420
1572 564
1573 131
1573 265
1573 421
1573 565
1574 131
1574 266
1574 422
1574 566
1575 131
1575 267
1575 423
1575 567
1576 131
1576 268
1576 424
1576 568
1577 131
1577 269
1577 425
1577 569
1578 131
1578 270
1578 426
1578 570
1579 131
1579 271
1579 427
1579 571
1580 131
1580 272
1580 428
1580 572
1581 131
1581 273
1581 429
1581 573
1582 131
1582 274
1582 430
1582 574
1583 131
1583 275
1583 431
1583 575
1584 132
1584 276
1584 288
1584 528
1585 132
1585 277
1585 289
1585 529
1586 132
1586 278
1586 290
1586 530
1587 132
1587 279
1587 291
1587 531
1588 132
1588 280
1588 292
1588 532
1589 132
1589 281
1589 293
1589 533
1590 132
1590 282
1590 294
1590 534
1591 132
1591 283
1591 295
1591 535
1592 132
1592 284
1592 296
1592 536
1593 132
1593 285
1593 297
1593 537
1594 132
1594 286
1594 298
1594 538
1595 132
1595 287
1595 299
1595 539
1596 133
1596 276
1596 300
1596 528
1597 133
1597 277
1597 301
1597 529
1598 133
1598 278
1598 302
1598 530
1599 133
1599 279
1599 303
1599 531
1600 133
1600 280
1600 304
1600 532
1601 133
1601 281
1601 305
1601 533
1602 133
1602 282
1602 306
1602 534
1603 133
1603 283
1603 307
1603 535
1604 133
1604 284
1604 308
1604 536
1605 133
1605 285
1605 309
1605 537
1606 133
1606 286
1606 310
1606 538
1607 133
1607 287
1607 311
1607 539
1608 134
1608 276
1608 312
1608 528
1609 134
1609 277
1609 313
1609 529
1610 134
1610 278
1610 314
1610 530
1611 134
1611 279
1611 315
1611 531
1612 134
1612 280
1612 316
1612 532
1613 134
1613 281
1613 317
1613 533
1614 134
1614 282
1614 318
1614 534
1615 134
1615 283
1615 319
1615 535
1616 134
1616 284
1616 320
1616 536
1617 134
1617 285
1617 321
1617 537
1618 134
1618 286
1618 322
1618 538
1619 134
1619 287
1619 323
1619 539
1620 135
1620 276
1620 324
1620 540
1621 135
1621 277
1621 325
1621 541
1622 135
1622 278
1622 326
1622 542
1623 135
1623 279
1623 327
1623 543
1624 135
1624 280
1624 328
1624 544
1625 135
1625 281
1625 329
1625 545
1626 135
1626 282
1626 330
1626 546
1627 135
1627 283
1627 331
1627 547
1628 135
1628 284
1628 332
1628 548
1629 135
1629 285
1629 333
1629 549
1630 135
1630 286
1630 334
1630 550
1631 135
1631 287
1631 335
1631 551
1632 136
1632 276
1632 336
1632 540
1633 136
1633 277
1633 337
1633 541
1634 136
1634 278
1634 338
1634 542
1635 136
1635 279
1635 339
1635 543
1636 136
1636 280
1636 340
1636 544
1637 136
1637 281
1637 341
1637 545
1638 136
1638 282
1638 342
1638 546
1639 136
1639 283
1639 343
1639 547
1640 136
1640 284
1640 344
1640 548
1641 136
1641 285
1641 345
1641 549
1642 136
1642 286
1642 346
1642 550
1643 136
1643 287
1643 347
1643 551
1644 137
1644 276
1644 348
1644 540
1645 137
1645 277
1645 349
1645 541
1646 137
1646 278
1646 350
1646 542
1647 137
1647 279
1647 351
1647 543
1648 137
1648 280
1648 352
1648 544
1649 137
1649 281
1649 353
1649 545
1650 137
1650 282
1650 354
1650 546
1651 137
1651 283
1651 355
1651 547
1652 137
1652 284
1652 356
1652 548
1653 137
1653 285
1653 357
1653 549
1654 137
1654 286
1654 358
1654 550
1655 137
1655 287
1655 359
1655 551
1656 138
1656 276
1656 360
1656 552
1657 138
1657 277
1657 361
1657 553
1658 138
1658 278
1658 362
1658 554
1659 138
1659 279
1659 363
1659 555
1660 138
1660 280
1660 364
1660 556
1661 138
1661 281
1661 365
1661 557
1662 138
1662 282
1662 366
1662 558
1663 138
1663 283
1663 367
1663 559
1664 138
1664 284
1664 368
1664 560
1665 138
1665 285
1665 369
1665 561
1666 138
1666 286
1666 370
1666 562
1667 138
1667 287
1667 371
1667 563
1668 139
1668 276
1668 372
1668 552
1669 139
1669 277
1669 373
1669 553
1670 139
1670 278
1670 374
1670 554
1671 139
1671 279
1671 375
1671 555
1672 139
1672 280
1672 376
1672 556
1673 139
1673 281
1673 377
1673 557
1674 139
1674 282
1674 378
1674 558
1675 139
1675 283
1675 379
1675 559
1676 139
1676 284
1676 380
1676 560
1677 139
1677 285
1677 381
1677 561
1678 139
1678 286
1678 382
1678 562
1679 139
1679 287
1679 383
1679 563
1680 140
1680 276
1680 384
1680 552
1681 140
1681 277
1681 385
1681 553
1682 140
1682 278
1682 386
1682 554
1683 140
1683 279
1683 387
1683 555
1684 140
1684 280
1684 388
1684 556
1685 140
1685 281
1685 389
1685 557
1686 140
1686 282
1686 390
1686 558
1687 140
1687 283
1687 391
1687 559
1688 140
1688 284
1688 392
1688 560
1689 140
1689 285
1689 393
1689 561
1690 140
1690 286
1690 394
1690 562
1691 140
1691 287
1691 395
1691 563
1692 141
1692 276
1692 396
1692 564
1693 141
1693 277
1693 397
1693 565
1694 141
1694 278
1694 398
1694 566
1695 141
1695 279
1695 399
1695 567
1696 141
1696 280
1696 400
1696 568
1697 141
1697 281
1697 401
1697 569
1698 141
1698 282
1698 402
1698 570
1699 141
1699 283
1699 403
1699 571
1700 141
1700 284
1700 404
1700 572
1701 141
1701 285
1701 405
1701 573
1702 141
1702 286
1702 406
1702 574
1703 141
1703 287
1703 407
1703 575
1704 142
1704 276
1704 408
1704 564
1705 142
1705 277
1705 409
1705 565
1706 142
1706 278
1706 410
1706 566
1707 142
1707 279
1707 411
1707 567
1708 142
1708 280
1708 412
1708 568
1709 142
1709 281
1709 413
1709 569
1710 142
1710 282
1710 414
1710 570
1711 142
1711 283
1711 415
1711 571
1712 142
1712 284
1712 416
1712 572
1713 142
1713 285
1713 417
1713 573
1714 142
1714 286
1714 418
1714 574
1715 142
1715 287
1715 419
1715 575
1716 143
1716 276
1716 420
1716 564
1717 143
1717 277
1717 421
1717 565
1718 143
1718 278
1718 422
1718 566
1719 143
1719 279
1719 423
1719 567
1720 143
1720 280
1720 424
1720 568
1721 143
1721 281
1721 425
1721 569
1722 143
1722 282
1722 426
1722 570
1723 143
1723 283
1723 427
1723 571
1724 143
1724 284
1724 428
1724 572
1725 143
1725 285
1725 429
1725 573
1726 143
1726 286
1726 430
1726 574
1727 143
1727 287
1727 431
1727 575
