0 0
0 81
0 162
0 243
1 0
1 82
1 163
1 244
2 0
2 83
2 164
2 245
3 0
3 84
3 165
3 246
4 0
4 85
4 166
4 247
5 0
5 86
5 167
5 248
6 0
6 87
6 168
6 249
7 0
7 88
7 169
7 250
8 0
8 89
8 170
8 251
9 1
9 81
9 171
9 243
10 1
10 82
10 172
10 244
11 1
11 83
11 173
11 245
12 1
12 84
12 174
12 246
13 1
13 85
13 175
13 247
14 1
14 86
14 176
14 248
15 1
15 87
15 177
15 249
16 1
16 88
16 178
16 250
17 1
17 89
17 179
17 251
18 2
18 81
18 180
18 243
19 2
19 82
19 181
19 244
20 2
20 83
20 182
20 245
21 2
21 84
21 183
21 246
22 2
22 85
22 184
22 247
23 2
23 86
23 185
23 248
24 2
24 87
24 186
24 249
25 2
25 88
25 187
25 250
26 2
26 89
26 188
26 251
27 3
27 81
27 189
27 252
28 3
28 82
28 190
28 253
29 3
29 83
29 191
29 254
30 3
30 84
30 192
30 255
31 3
31 85
31 193
31 256
32 3
32 86
32 194
32 257
33 3
33 87
33 195
33 258
34 3
34 88
34 196
34 259
35 3
35 89
35 197
35 260
36 4
36 81
36 198
36 252
37 4
37 82
37 199
37 253
38 4
38 83
38 200
38 254
39 4
39 84
39 201
39 255
40 4
40 85
40 202
40 256
41 4
41 86
41 203
41 257
42 4
42 87
42 204
42 258
43 4
43 88
43 205
43 259
44 4
44 89
44 206
44 260
45 5
45 81
45 207
45 252
46 5
46 82
46 208
46 253
47 5
47 83
47 209
47 254
48 5
48 84
48 210
48 255
49 5
49 85
49 211
49 256
50 5
50 86
50 212
50 257
51 5
51 87
51 213
51 258
52 5
52 88
52 214
52 259
53 5
53 89
53 215
53 260
54 6
54 81
54 216
54 261
55 6
55 82
55 217
55 262
56 6
56 83
56 218
56 263
57 6
57 84
57 219
57 264
58 6
58 85
58 220
58 265
59 6
59 86
59 221
59 266
60 6
60 87
60 222
60 267
61 6
61 88
61 223
61 268
62 6
62 89
62 224
62 269
63 7
63 81
63 225
63 261
64 7
64 82
64 226
64 262
65 7
65 83
65 227
65 263
66 7
66 84
66 228
66 264
67 7
67 85
67 229
67 265
68 7
68 86
68 230
68 266
69 7
69 87
69 231
69 267
70 7
70 88
70 232
70 268
71 7
71 89
71 233
71 269
72 8
72 81
72 234
72 261
73 8
73 82
73 235
73 262
74 8
74 83
74 236
74 263
75 8
75 84
75 237
75 264
76 8
76 85
76 238
76 265
77 8
77 86
77 239
77 266
78 8
78 87
78 240
78 267
79 8
79 88
79 241
79 268
80 8
80 89
80 242
80 269
81 9
81 90
81 162
81 243
82 9
82 91
82 163
82 244
83 9
83 92
83 164
83 245
84 9
84 93
84 165
84 246
85 9
85 94
85 166
85 247
86 9
86 95
86 167
86 248
87 9
87 96
87 168
87 249
88 9
88 97
88 169
88 250
89 9
89 98
89 170
89 251
90 10
90 90
90 171
90 243
91 10
91 91
91 172
91 244
92 10
92 92
92 173
92 245
93 10
93 93
93 174
93 246
94 10
94 94
94 175
94 247
95 10
95 95
95 176
95 248
96 10
96 96
96 177
96 249
97 10
97 97
97 178
97 250
98 10
98 98
98 179
98 251
99 11
99 90
99 180
99 243
100 11
100 91
100 181
100 244
101 11
101 92
101 182
101 245
102 11
102 93
102 183
102 246
103 11
103 94
103 184
103 247
104 11
104 95
104 185
104 248
105 11
105 96
105 186
105 249
106 11
106 97
106 187
106 250
107 11
107 98
107 188
107 251
108 12
108 90
108 189
108 252
109 12
109 91
109 190
109 253
110 12
110 92
110 191
110 254
111 12
111 93
111 192
111 255
112 12
112 94
112 193
112 256
113 12
113 95
113 194
113 257
114 12
114 96
114 195
114 258
115 12
115 97
115 196
115 259
116 12
116 98
116 197
116 260
117 13
117 90
117 198
117 252
118 13
118 91
118 199
118 253
119 13
119 92
119 200
119 254
120 13
120 93
120 201
120 255
121 13
121 94
121 202
121 256
122 13
122 95
122 203
122 257
123 13
123 96
123 204
123 258
124 13
124 97
124 205
124 259
125 13
125 98
125 206
125 260
126 14
126 90
126 207
126 252
127 14
127 91
127 208
127 253
128 14
128 92
128 209
128 254
129 14
129 93
129 210
129 255
130 14
130 94
130 211
130 256
131 14
131 95
131 212
131 257
132 14
132 96
132 213
132 258
133 14
133 97
133 214
133 259
134 14
134 98
134 215
134 260
135 15
135 90
135 216
135 261
136 15
136 91
136 217
136 262
137 15
137 92
137 218
137 263
138 15
138 93
138 219
138 264
139 15
139 94
139 220
139 265
140 15
140 95
140 221
140 266
141 15
141 96
141 222
141 267
142 15
142 97
142 223
142 268
143 15
143 98
143 224
143 269
144 16
144 90
144 225
144 261
145 16
145 91
145 226
145 262
146 16
146 92
146 227
146 263
147 16
147 93
147 228
147 264
148 16
148 94
148 229
148 265
149 16
149 95
149 230
149 266
150 16
150 96
150 231
150 267
151 16
151 97
151 232
151 268
152 16
152 98
152 233
152 269
153 17
153 90
153 234
153 261
154 17
154 91
154 235
154 262
155 17
155 92
155 236
155 263
156 17
156 93
156 237
156 264
157 17
157 94
157 238
157 265
158 17
158 95
158 239
158 266
159 17
159 96
159 240
159 267
160 17
160 97
160 241
160 268
161 17
161 98
161 242
161 269
162 18
162 99
162 162
162 243
163 18
163 100
163 163
163 244
164 18
164 101
164 164
164 245
165 18
165 102
165 165
165 246
166 18
166 103
166 166
166 247
167 18
167 104
167 167
167 248
168 18
168 105
168 168
168 249
169 18
169 106
169 169
169 250
170 18
170 107
170 170
170 251
171 19
171 99
171 171
171 243
172 19
172 100
172 172
172 244
173 19
173 101
173 173
173 245
174 19
174 102
174 174
174 246
175 19
175 103
175 175
175 247
176 19
176 104
176 176
176 248
177 19
177 105
177 177
177 249
178 19
178 106
178 178
178 250
179 19
179 107
179 179
179 251
180 20
180 99
180 180
180 243
181 20
181 100
181 181
181 244
182 20
182 101
182 182
182 245
183 20
183 102
183 183
183 246
184 20
184 103
184 184
184 247
185 20
185 104
185 185
185 248
186 20
186 105
186 186
186 249
187 20
187 106
187 187
187 250
188 20
188 107
188 188
188 251
189 21
189 99
189 189
189 252
190 21
190 100
190 190
190 253
191 21
191 101
191 191
191 254
192 21
192 102
192 192
192 255
193 21
193 103
193 193
193 256
194 21
194 104
194 194
194 257
195 21
195 105
195 195
195 258
196 21
196 106
196 196
196 259
197 21
197 107
197 197
197 260
198 22
198 99
198 198
198 252
199 22
199 100
199 199
199 253
200 22
200 101
200 200
200 254
201 22
201 102
201 201
201 255
202 22
202 103
202 202
202 256
203 22
203 104
203 203
203 257
204 22
204 105
204 204
204 258
205 22
205 106
205 205
205 259
206 22
206 107
206 206
206 260
207 23
207 99
207 207
207 252
208 23
208 100
208 208
208 253
209 23
209 101
209 209
209 254
210 23
210 102
210 210
210 255
211 23
211 103
211 211
211 256
212 23
212 104
212 212
212 257
213 23
213 105
213 213
213 258
214 23
214 106
214 214
214 259
215 23
215 107
215 215
215 260
216 24
216 99
216 216
216 261
217 24
217 100
217 217
217 262
218 24
218 101
218 218
218 263
219 24
219 102
219 219
219 264
220 24
220 103
220 220
220 265
221 24
221 104
221 221
221 266
222 24
222 105
222 222
222 267
223 24
223 106
223 223
223 268
224 24
224 107
224 224
224 269
225 25
225 99
225 225
225 261
226 25
226 100
226 226
226 262
227 25
227 101
227 227
227 263
228 25
228 102
228 228
228 264
229 25
229 103
229 229
229 265
230 25
230 104
230 230
230 266
231 25
231 105
231 231
231 267
232 25
232 106
232 232
232 268
233 25
233 107
233 233
233 269
234 26
234 99
234 234
234 261
235 26
235 100
235 235
235 262
236 26
236 101
236 236
236 263
237 26
237 102
237 237
237 264
238 26
238 103
238 238
238 265
239 26
239 104
239 239
239 266
240 26
240 105
240 240
240 267
241 26
241 106
241 241
241 268
242 26
242 107
242 242
242 269
243 27
243 108
243 162
243 270
244 27
244 109
244 163
244 271
245 27
245 110
245 164
245 272
246 27
246 111
246 165
246 273
247 27
247 112
247 166
247 274
248 27
248 113
248 167
248 275
249 27
249 114
249 168
249 276
250 27
250 115
250 169
250 277
251 27
251 116
251 170
251 278
252 28
252 108
252 171
252 270
253 28
253 109
253 172
253 271
254 28
254 110
254 173
254 272
255 28
255 111
255 174
255 273
256 28
256 112
256 175
256 274
257 28
257 113
257 176
257 275
258 28
258 114
258 177
258 276
259 28
259 115
259 178
259 277
260 28
260 116
260 179
260 278
261 29
261 108
261 180
261 270
262 29
262 109
262 181
262 271
263 29
263 110
263 182
263 272
264 29
264 111
264 183
264 273
265 29
265 112
265 184
265 274
266 29
266 113
266 185
266 275
267 29
267 114
267 186
267 276
268 29
268 115
268 187
268 277
269 29
269 116
269 188
269 278
270 30
270 108
270 189
270 279
271 30
271 109
271 190
271 280
272 30
272 110
272 191
272 281
273 30
273 111
273 192
273 282
274 30
274 112
274 193
274 283
275 30
275 113
275 194
275 284
276 30
276 114
276 195
276 285
277 30
277 115
277 196
277 286
278 30
278 116
278 197
278 287
279 31
279 108
279 198
279 279
280 31
280 109
280 199
280 280
281 31
281 110
281 200
281 281
282 31
282 111
282 201
282 282
283 31
283 112
283 202
283 283
284 31
284 113
284 203
284 284
285 31
285 114
285 204
285 285
286 31
286 115
286 205
286 286
287 31
287 116
287 206
287 287
288 32
288 108
288 207
288 279
289 32
289 109
289 208
289 280
290 32
290 110
290 209
290 281
291 32
291 111
291 210
291 282
292 32
292 112
292 211
292 283
293 32
293 113
293 212
293 284
294 32
294 114
294 213
294 285
295 32
295 115
295 214
295 286
296 32
296 116
296 215
296 287
297 33
297 108
297 216
297 288
298 33
298 109
298 217
298 289
299 33
299 110
299 218
299 290
300 33
300 111
300 219
300 291
301 33
301 112
301 220
301 292
302 33
302 113
302 221
302 293
303 33
303 114
303 222
303 294
304 33
304 115
304 223
304 295
305 33
305 116
305 224
305 296
306 34
306 108
306 225
306 288
307 34
307 109
307 226
307 289
308 34
308 110
308 227
308 290
309 34
309 111
309 228
309 291
310 34
310 112
310 229
310 292
311 34
311 113
311 230
311 293
312 34
312 114
312 231
312 294
313 34
313 115
313 232
313 295
314 34
314 116
314 233
314 296
315 35
315 108
315 234
315 288
316 35
316 109
316 235
316 289
317 35
317 110
317 236
317 290
318 35
318 111
318 237
318 291
319 35
319 112
319 238
319 292
320 35
320 113
320 239
320 293
321 35
321 114
321 240
321 294
322 35
322 115
322 241
322 295
323 35
323 116
323 242
323 296
324 36
324 117
324 162
324 270
325 36
325 118
325 163
325 271
326 36
326 119
326 164
326 272
327 36
327 120
327 165
327 273
328 36
328 121
328 166
328 274
329 36
329 122
329 167
329 275
330 36
330 123
330 168
330 276
331 36
331 124
331 169
331 277
332 36
332 125
332 170
332 278
333 37
333 117
333 171
333 270
334 37
334 118
334 172
334 271
335 37
335 119
335 173
335 272
336 37
336 120
336 174
336 273
337 37
337 121
337 175
337 274
338 37
338 122
338 176
338 275
339 37
339 123
339 177
339 276
340 37
340 124
340 178
340 277
341 37
341 125
341 179
341 278
342 38
342 117
342 180
342 270
343 38
343 118
343 181
343 271
344 38
344 119
344 182
344 272
345 38
345 120
345 183
345 273
346 38
346 121
346 184
346 274
347 38
347 122
347 185
347 275
348 38
348 123
348 186
348 276
349 38
349 124
349 187
349 277
350 38
350 125
350 188
350 278
351 39
351 117
351 189
351 279
352 39
352 118
352 190
352 280
353 39
353 119
353 191
353 281
354 39
354 120
354 192
354 282
355 39
355 121
355 193
355 283
356 39
356 122
356 194
356 284
357 39
357 123
357 195
357 285
358 39
358 124
358 196
358 286
359 39
359 125
359 197
359 287
360 40
360 117
360 198
360 279
361 40
361 118
361 199
361 280
362 40
362 119
362 200
362 281
363 40
363 120
363 201
363 282
364 40
364 121
364 202
364 283
365 40
365 122
365 203
365 284
366 40
366 123
366 204
366 285
367 40
367 124
367 205
367 286
368 40
368 125
368 206
368 287
369 41
369 117
369 207
369 279
370 41
370 118
370 208
370 280
371 41
371 119
371 209
371 281
372 41
372 120
372 210
372 282
373 41
373 121
373 211
373 283
374 41
374 122
374 212
374 284
375 41
375 123
375 213
375 285
376 41
376 124
376 214
376 286
377 41
377 125
377 215
377 287
378 42
378 117
378 216
378 288
379 42
379 118
379 217
379 289
380 42
380 119
380 218
380 290
381 42
381 120
381 219
381 291
382 42
382 121
382 220
382 292
383 42
383 122
383 221
383 293
384 42
384 123
384 222
384 294
385 42
385 124
385 223
385 295
386 42
386 125
386 224
386 296
387 43
387 117
387 225
387 288
388 43
388 118
388 226
388 289
389 43
389 119
389 227
389 290
390 43
390 120
390 228
390 291
391 43
391 121
391 229
391 292
392 43
392 122
392 230
392 293
393 43
393 123
393 231
393 294
394 43
394 124
394 232
394 295
395 43
395 125
395 233
395 296
396 44
396 117
396 234
396 288
397 44
397 118
397 235
397 289
398 44
398 119
398 236
398 290
399 44
399 120
399 237
399 291
400 44
400 121
400 238
400 292
401 44
401 122
401 239
401 293
402 44
402 123
402 240
402 294
403 44
403 124
403 241
403 295
404 44
404 125
404 242
404 296
405 45
405 126
405 162
405 270
406 45
406 127
406 163
406 271
407 45
407 128
407 164
407 272
408 45
408 129
408 165
408 273
409 45
409 130
409 166
409 274
410 45
410 131
410 167
410 275
411 45
411 132
411 168
411 276
412 45
412 133
412 169
412 277
413 45
413 134
413 170
413 278
414 46
414 126
414 171
414 270
415 46
415 127
415 172
415 271
416 46
416 128
416 173
416 272
417 46
417 129
417 174
417 273
418 46
418 130
418 175
418 274
419 46
419 131
419 176
419 275
420 46
420 132
420 177
420 276
421 46
421 133
421 178
421 277
422 46
422 134
422 179
422 278
423 47
423 126
423 180
423 270
424 47
424 127
424 181
424 271
425 47
425 128
425 182
425 272
426 47
426 129
426 183
426 273
427 47
427 130
427 184
427 274
428 47
428 131
428 185
428 275
429 47
429 132
429 186
429 276
430 47
430 133
430 187
430 277
431 47
431 134
431 188
431 278
432 48
432 126
432 189
432 279
433 48
433 127
433 190
433 280
434 48
434 128
434 191
434 281
435 48
435 129
435 192
435 282
436 48
436 130
436 193
436 283
437 48
437 131
437 194
437 284
438 48
438 132
438 195
438 285
439 48
439 133
439 196
439 286
440 48
440 134
440 197
440 287
441 49
441 126
441 198
441 279
442 49
442 127
442 199
442 280
443 49
443 128
443 200
443 281
444 49
444 129
444 201
444 282
445 49
445 130
445 202
445 283
446 49
446 131
446 203
446 284
447 49
447 132
447 204
447 285
448 49
448 133
448 205
448 286
449 49
449 134
449 206
449 287
450 50
450 126
450 207
450 279
451 50
451 127
451 208
451 280
452 50
452 128
452 209
452 281
453 50
453 129
453 210
453 282
454 50
454 130
454 211
454 283
455 50
455 131
455 212
455 284
456 50
456 132
456 213
456 285
457 50
457 133
457 214
457 286
458 50
458 134
458 215
458 287
459 51
459 126
459 216
459 288
460 51
460 127
460 217
460 289
461 51
461 128
461 218
461 290
462 51
462 129
462 219
462 291
463 51
463 130
463 220
463 292
464 51
464 131
464 221
464 293
465 51
465 132
465 222
465 294
466 51
466 133
466 223
466 295
467 51
467 134
467 224
467 296
468 52
468 126
468 225
468 288
469 52
469 127
469 226
469 289
470 52
470 128
470 227
470 290
471 52
471 129
471 228
471 291
472 52
472 130
472 229
472 292
473 52
473 131
473 230
473 293
474 52
474 132
474 231
474 294
475 52
475 133
475 232
475 295
476 52
476 134
476 233
476 296
477 53
477 126
477 234
477 288
478 53
478 127
478 235
478 289
479 53
479 128
479 236
479 290
480 53
480 129
480 237
480 291
481 53
481 130
481 238
481 292
482 53
482 131
482 239
482 293
483 53
483 132
483 240
483 294
484 53
484 133
484 241
484 295
485 53
485 134
485 242
485 296
486 54
486 135
486 162
486 297
487 54
487 136
487 163
487 298
488 54
488 137
488 164
488 299
489 54
489 138
489 165
489 300
490 54
490 139
490 166
490 301
491 54
491 140
491 167
491 302
492 54
492 141
492 168
492 303
493 54
493 142
493 169
493 304
494 54
494 143
494 170
494 305
495 55
495 135
495 171
495 297
496 55
496 136
496 172
496 298
497 55
497 137
497 173
497 299
498 55
498 138
498 174
498 300
499 55
499 139
499 175
499 301
500 55
500 140
500 176
500 302
501 55
501 141
501 177
501 303
502 55
502 142
502 178
502 304
503 55
503 143
503 179
503 305
504 56
504 135
504 180
504 297
505 56
505 136
505 181
505 298
506 56
506 137
506 182
506 299
507 56
507 138
507 183
507 300
508 56
508 139
508 184
508 301
509 56
509 140
509 185
509 302
510 56
510 141
510 186
510 303
511 56
511 142
511 187
511 304
512 56
512 143
512 188
512 305
513 57
513 135
513 189
513 306
514 57
514 136
514 190
514 307
515 57
515 137
515 191
515 308
516 57
516 138
516 192
516 309
517 57
517 139
517 193
517 310
518 57
518 140
518 194
518 311
519 57
519 141
519 195
519 312
520 57
520 142
520 196
520 313
521 57
521 143
521 197
521 314
522 58
522 135
522 198
522 306
523 58
523 136
523 199
523 307
524 58
524 137
524 200
524 308
525 58
525 138
525 201
525 309
526 58
526 139
526 202
526 310
527 58
527 140
527 203
527 311
528 58
528 141
528 204
528 312
529 58
529 142
529 205
529 313
530 58
530 143
530 206
530 314
531 59
531 135
531 207
531 306
532 59
532 136
532 208
532 307
533 59
533 137
533 209
533 308
534 59
534 138
534 210
534 309
535 59
535 139
535 211
535 310
536 59
536 140
536 212
536 311
537 59
537 141
537 213
537 312
538 59
538 142
538 214
538 313
539 59
539 143
539 215
539 314
540 60
540 135
540 216
540 315
541 60
541 136
541 217
541 316
542 60
542 137
542 218
542 317
543 60
543 138
543 219
543 318
544 60
544 139
544 220
544 319
545 60
545 140
545 221
545 320
546 60
546 141
546 222
546 321
547 60
547 142
547 223
547 322
548 60
548 143
548 224
548 323
549 61
549 135
549 225
549 315
550 61
550 136
550 226
550 316
551 61
551 137
551 227
551 317
552 61
552 138
552 228
552 318
553 61
553 139
553 229
553 319
554 61
554 140
554 230
554 320
555 61
555 141
555 231
555 321
556 61
556 142
556 232
556 322
557 61
557 143
557 233
557 323
558 62
558 135
558 234
558 315
559 62
559 136
559 235
559 316
560 62
560 137
560 236
560 317
561 62
561 138
561 237
561 318
562 62
562 139
562 238
562 319
563 62
563 140
563 239
563 320
564 62
564 141
564 240
564 321
565 62
565 142
565 241
565 322
566 62
566 143
566 242
566 323
567 63
567 144
567 162
567 297
568 63
568 145
568 163
568 298
569 63
569 146
569 164
569 299
570 63
570 147
570 165
570 300
571 63
571 148
571 166
571 301
572 63
572 149
572 167
572 302
573 63
573 150
573 168
573 303
574 63
574 151
574 169
574 304
575 63
575 152
575 170
575 305
576 64
576 144
576 171
576 297
577 64
577 145
577 172
577 298
578 64
578 146
578 173
578 299
579 64
579 147
579 174
579 300
580 64
580 148
580 175
580 301
581 64
581 149
581 176
581 302
582 64
582 150
582 177
582 303
583 64
583 151
583 178
583 304
584 64
584 152
584 179
584 305
585 65
585 144
585 180
585 297
586 65
586 145
586 181
586 298
587 65
587 146
587 182
587 299
588 65
588 147
588 183
588 300
589 65
589 148
589 184
589 301
590 65
590 149
590 185
590 302
591 65
591 150
591 186
591 303
592 65
592 151
592 187
592 304
593 65
593 152
593 188
593 305
594 66
594 144
594 189
594 306
595 66
595 145
595 190
595 307
596 66
596 146
596 191
596 308
597 66
597 147
597 192
597 309
598 66
598 148
598 193
598 310
599 66
599 149
599 194
599 311
600 66
600 150
600 195
600 312
601 66
601 151
601 196
601 313
602 66
602 152
602 197
602 314
603 67
603 144
603 198
603 306
604 67
604 145
604 199
604 307
605 67
605 146
605 200
605 308
606 67
606 147
606 201
606 309
607 67
607 148
607 202
607 310
608 67
608 149
608 203
608 311
609 67
609 150
609 204
609 312
610 67
610 151
610 205
610 313
611 67
611 152
611 206
611 314
612 68
612 144
612 207
612 306
613 68
613 145
613 208
613 307
614 68
614 146
614 209
614 308
615 68
615 147
615 210
615 309
616 68
616 148
616 211
616 310
617 68
617 149
617 212
617 311
618 68
618 150
618 213
618 312
619 68
619 151
619 214
619 313
620 68
620 152
620 215
620 314
621 69
621 144
621 216
621 315
622 69
622 145
622 217
622 316
623 69
623 146
623 218
623 317
624 69
624 147
624 219
624 318
625 69
625 148
625 220
625 319
626 69
626 149
626 221
626 320
627 69
627 150
627 222
627 321
628 69
628 151
628 223
628 322
629 69
629 152
629 224
629 323
630 70
630 144
630 225
630 315
631 70
631 145
631 226
631 316
632 70
632 146
632 227
632 317
633 70
633 147
633 228
633 318
634 70
634 148
634 229
634 319
635 70
635 149
635 230
635 320
636 70
636 150
636 231
636 321
637 70
637 151
637 232
637 322
638 70
638 152
638 233
638 323
639 71
639 144
639 234
639 315
640 71
640 145
640 235
640 316
641 71
641 146
641 236
641 317
642 71
642 147
642 237
642 318
643 71
643 148
643 238
643 319
644 71
644 149
644 239
644 320
645 71
645 150
645 240
645 321
646 71
646 151
646 241
646 322
647 71
647 152
647 242
647 323
648 72
648 153
648 162
648 297
649 72
649 154
649 163
649 298
650 72
650 155
650 164
650 299
651 72
651 156
651 165
651 300
652 72
652 157
652 166
652 301
653 72
653 158
653 167
653 302
654 72
654 159
654 168
654 303
655 72
655 160
655 169
655 304
656 72
656 161
656 170
656 305
657 73
657 153
657 171
657 297
658 73
658 154
658 172
658 298
659 73
659 155
659 173
659 299
660 73
660 156
660 174
660 300
661 73
661 157
661 175
661 301
662 73
662 158
662 176
662 302
663 73
663 159
663 177
663 303
664 73
664 160
664 178
664 304
665 73
665 161
665 179
665 305
666 74
666 153
666 180
666 297
667 74
667 154
667 181
667 298
668 74
668 155
668 182
668 299
669 74
669 156
669 183
669 300
670 74
670 157
670 184
670 301
671 74
671 158
671 185
671 302
672 74
672 159
672 186
672 303
673 74
673 160
673 187
673 304
674 74
674 161
674 188
674 305
675 75
675 153
675 189
675 306
676 75
676 154
676 190
676 307
677 75
677 155
677 191
677 308
678 75
678 156
678 192
678 309
679 75
679 157
679 193
679 310
680 75
680 158
680 194
680 311
681 75
681 159
681 195
681 312
682 75
682 160
682 196
682 313
683 75
683 161
683 197
683 314
684 76
684 153
684 198
684 306
685 76
685 154
685 199
685 307
686 76
686 155
686 200
686 308
687 76
687 156
687 201
687 309
688 76
688 157
688 202
688 310
689 76
689 158
689 203
689 311
690 76
690 159
690 204
690 312
691 76
691 160
691 205
691 313
692 76
692 161
692 206
692 314
693 77
693 153
693 207
693 306
694 77
694 154
694 208
694 307
695 77
695 155
695 209
695 308
696 77
696 156
696 210
696 309
697 77
697 157
697 211
697 310
698 77
698 158
698 212
698 311
699 77
699 159
699 213
699 312
700 77
700 160
700 214
700 313
701 77
701 161
701 215
701 314
702 78
702 153
702 216
702 315
703 78
703 154
703 217
703 316
704 78
704 155
704 218
704 317
705 78
705 156
705 219
705 318
706 78
706 157
706 220
706 319
707 78
707 158
707 221
707 320
708 78
708 159
708 222
708 321
709 78
709 160
709 223
709 322
710 78
710 161
710 224
710 323
711 79
711 153
711 225
711 315
712 79
712 154
712 226
712 316
713 79
713 155
713 227
713 317
714 79
714 156
714 228
714 318
715 79
715 157
715 229
715 319
716 79
716 158
716 230
716 320
717 79
717 159
717 231
717 321
718 79
718 160
718 232
718 322
719 79
719 161
719 233
719 323
720 80
720 153
720 234
720 315
721 80
721 154
721 235
721 316
722 80
722 155
722 236
722 317
723 80
723 156
723 237
723 318
724 80
724 157
724 238
724 319
725 80
725 158
725 239
725 320
726 80
726 159
726 240
726 321
727 80
727 160
727 241
727 322
728 80
728 161
728 242
728 323
