0 0
0 16
0 32
0 48
1 0
1 17
1 33
1 49
2 0
2 18
2 34
2 50
3 0
3 19
3 35
3 51
4 1
4 16
4 36
4 48
5 1
5 17
5 37
5 49
6 1
6 18
6 38
6 50
7 1
7 19
7 39
7 51
8 2
8 16
8 40
8 52
9 2
9 17
9 41
9 53
10 2
10 18
10 42
10 54
11 2
11 19
11 43
11 55
12 3
12 16
12 44
12 52
13 3
13 17
13 45
13 53
14 3
14 18
14 46
14 54
15 3
15 19
15 47
15 55
16 4
16 20
16 32
16 48
17 4
17 21
17 33
17 49
18 4
18 22
18 34
18 50
19 4
19 23
19 35
19 51
20 5
20 20
20 36
20 48
21 5
21 21
21 37
21 49
22 5
22 22
22 38
22 50
23 5
23 23
23 39
23 51
24 6
24 20
24 40
24 52
25 6
25 21
25 41
25 53
26 6
26 22
26 42
26 54
27 6
27 23
27 43
27 55
28 7
28 20
28 44
28 52
29 7
29 21
29 45
29 53
30 7
30 22
30 46
30 54
31 7
31 23
31 47
31 55
32 8
32 24
32 32
32 56
33 8
33 25
33 33
33 57
34 8
34 26
34 34
34 58
35 8
35 27
35 35
35 59
36 9
36 24
36 36
36 56
37 9
37 25
37 37
37 57
38 9
38 26
38 38
38 58
39 9
39 27
39 39
39 59
40 10
40 24
40 40
40 60
41 10
41 25
41 41
41 61
42 10
42 26
42 42
42 62
43 10
43 27
43 43
43 63
44 11
44 24
44 44
44 60
45 11
45 25
45 45
45 61
46 11
46 26
46 46
46 62
47 11
47 27
47 47
47 63
48 12
48 28
48 32
48 56
49 12
49 29
49 33
49 57
50 12
50 30
50 34
50 58
51 12
51 31
51 35
51 59
52 13
52 28
52 36
52 56
53 13
53 29
53 37
53 57
54 13
54 30
54 38
54 58
55 13
55 31
55 39
55 59
56 14
56 28
56 40
56 60
57 14
57 29
57 41
57 61
58 14
58 30
58 42
58 62
59 14
59 31
59 43
59 63
60 15
60 28
60 44
60 60
61 15
61 29
61 45
61 61
62 15
62 30
62 46
62 62
63 15
63 31
63 47
63 63
