0 0
0 64
0 128
0 192
1 0
1 65
1 129
1 193
2 0
2 66
2 130
2 194
3 0
3 67
3 131
3 195
4 0
4 68
4 132
4 196
5 0
5 69
5 133
5 197
6 0
6 70
6 134
6 198
7 0
7 71
7 135
7 199
8 1
8 64
8 136
8 192
9 1
9 65
9 137
9 193
10 1
10 66
10 138
10 194
11 1
11 67
11 139
11 195
12 1
12 68
12 140
12 196
13 1
13 69
13 141
13 197
14 1
14 70
14 142
14 198
15 1
15 71
15 143
15 199
16 2
16 64
16 144
16 200
17 2
17 65
17 145
17 201
18 2
18 66
18 146
18 202
19 2
19 67
19 147
19 203
20 2
20 68
20 148
20 204
21 2
21 69
21 149
21 205
22 2
22 70
22 150
22 206
23 2
23 71
23 151
23 207
24 3
24 64
24 152
24 200
25 3
25 65
25 153
25 201
26 3
26 66
26 154
26 202
27 3
27 67
27 155
27 203
28 3
28 68
28 156
28 204
29 3
29 69
29 157
29 205
30 3
30 70
30 158
30 206
31 3
31 71
31 159
31 207
32 4
32 64
32 160
32 208
33 4
33 65
33 161
33 209
34 4
34 66
34 162
34 210
35 4
35 67
35 163
35 211
36 4
36 68
36 164
36 212
37 4
37 69
37 165
37 213
38 4
38 70
38 166
38 214
39 4
39 71
39 167
39 215
40 5
40 64
40 168
40 208
41 5
41 65
41 169
41 209
42 5
42 66
42 170
42 210
43 5
43 67
43 171
43 211
44 5
44 68
44 172
44 212
45 5
45 69
45 173
45 213
46 5
46 70
46 174
46 214
47 5
47 71
47 175
47 215
48 6
48 64
48 176
48 216
49 6
49 65
49 177
49 217
50 6
50 66
50 178
50 218
51 6
51 67
51 179
51 219
52 6
52 68
52 180
52 220
53 6
53 69
53 181
53 221
54 6
54 70
54 182
54 222
55 6
55 71
55 183
55 223
56 7
56 64
56 184
56 216
57 7
57 65
57 185
57 217
58 7
58 66
58 186
58 218
59 7
59 67
59 187
59 219
60 7
60 68
60 188
60 220
61 7
61 69
61 189
61 221
62 7
62 70
62 190
62 222
63 7
63 71
63 191
63 223
64 8
64 72
64 128
64 192
65 8
65 73
65 129
65 193
66 8
66 74
66 130
66 194
67 8
67 75
67 131
67 195
68 8
68 76
68 132
68 196
69 8
69 77
69 133
69 197
70 8
70 78
70 134
70 198
71 8
71 79
71 135
71 199
72 9
72 72
72 136
72 192
73 9
73 73
73 137
73 193
74 9
74 74
74 138
74 194
75 9
75 75
75 139
75 195
76 9
76 76
76 140
76 196
77 9
77 77
77 141
77 197
78 9
78 78
78 142
78 198
79 9
79 79
79 143
79 199
80 10
80 72
80 144
80 200
81 10
81 73
81 145
81 201
82 10
82 74
82 146
82 202
83 10
83 75
83 147
83 203
84 10
84 76
84 148
84 204
85 10
85 77
85 149
85 205
86 10
86 78
86 150
86 206
87 10
87 79
87 151
87 207
88 11
88 72
88 152
88 200
89 11
89 73
89 153
89 201
90 11
90 74
90 154
90 202
91 11
91 75
91 155
91 203
92 11
92 76
92 156
92 204
93 11
93 77
93 157
93 205
94 11
94 78
94 158
94 206
95 11
95 79
95 159
95 207
96 12
96 72
96 160
96 208
97 12
97 73
97 161
97 209
98 12
98 74
98 162
98 210
99 12
99 75
99 163
99 211
100 12
100 76
100 164
100 212
101 12
101 77
101 165
101 213
102 12
102 78
102 166
102 214
103 12
103 79
103 167
103 215
104 13
104 72
104 168
104 208
105 13
105 73
105 169
105 209
106 13
106 74
106 170
106 210
107 13
107 75
107 171
107 211
108 13
108 76
108 172
108 212
109 13
109 77
109 173
109 213
110 13
110 78
110 174
110 214
111 13
111 79
111 175
111 215
112 14
112 72
112 176
112 216
113 14
113 73
113 177
113 217
114 14
114 74
114 178
114 218
115 14
115 75
115 179
115 219
116 14
116 76
116 180
116 220
117 14
117 77
117 181
117 221
118 14
118 78
118 182
118 222
119 14
119 79
119 183
119 223
120 15
120 72
120 184
120 216
121 15
121 73
121 185
121 217
122 15
122 74
122 186
122 218
123 15
123 75
123 187
123 219
124 15
124 76
124 188
124 220
125 15
125 77
125 189
125 221
126 15
126 78
126 190
126 222
127 15
127 79
127 191
127 223
128 16
128 80
128 128
128 192
129 16
129 81
129 129
129 193
130 16
130 82
130 130
130 194
131 16
131 83
131 131
131 195
132 16
132 84
132 132
132 196
133 16
133 85
133 133
133 197
134 16
134 86
134 134
134 198
135 16
135 87
135 135
135 199
136 17
136 80
136 136
136 192
137 17
137 81
137 137
137 193
138 17
138 82
138 138
138 194
139 17
139 83
139 139
139 195
140 17
140 84
140 140
140 196
141 17
141 85
141 141
141 197
142 17
142 86
142 142
142 198
143 17
143 87
143 143
143 199
144 18
144 80
144 144
144 200
145 18
145 81
145 145
145 201
146 18
146 82
146 146
146 202
147 18
147 83
147 147
147 203
148 18
148 84
148 148
148 204
149 18
149 85
149 149
149 205
150 18
150 86
150 150
150 206
151 18
151 87
151 151
151 207
152 19
152 80
152 152
152 200
153 19
153 81
153 153
153 201
154 19
154 82
154 154
154 202
155 19
155 83
155 155
155 203
156 19
156 84
156 156
156 204
157 19
157 85
157 157
157 205
158 19
158 86
158 158
158 206
159 19
159 87
159 159
159 207
160 20
160 80
160 160
160 208
161 20
161 81
161 161
161 209
162 20
162 82
162 162
162 210
163 20
163 83
163 163
163 211
164 20
164 84
164 164
164 212
165 20
165 85
165 165
165 213
166 20
166 86
166 166
166 214
167 20
167 87
167 167
167 215
168 21
168 80
168 168
168 208
169 21
169 81
169 169
169 209
170 21
170 82
170 170
170 210
171 21
171 83
171 171
171 211
172 21
172 84
172 172
172 212
173 21
173 85
173 173
173 213
174 21
174 86
174 174
174 214
175 21
175 87
175 175
175 215
176 22
176 80
176 176
176 216
177 22
177 81
177 177
177 217
178 22
178 82
178 178
178 218
179 22
179 83
179 179
179 219
180 22
180 84
180 180
180 220
181 22
181 85
181 181
181 221
182 22
182 86
182 182
182 222
183 22
183 87
183 183
183 223
184 23
184 80
184 184
184 216
185 23
185 81
185 185
185 217
186 23
186 82
186 186
186 218
187 23
187 83
187 187
187 219
188 23
188 84
188 188
188 220
189 23
189 85
189 189
189 221
190 23
190 86
190 190
190 222
191 23
191 87
191 191
191 223
192 24
192 88
192 128
192 192
193 24
193 89
193 129
193 193
194 24
194 90
194 130
194 194
195 24
195 91
195 131
195 195
196 24
196 92
196 132
196 196
197 24
197 93
197 133
197 197
198 24
198 94
198 134
198 198
199 24
199 95
199 135
199 199
200 25
200 88
200 136
200 192
201 25
201 89
201 137
201 193
202 25
202 90
202 138
202 194
203 25
203 91
203 139
203 195
204 25
204 92
204 140
204 196
205 25
205 93
205 141
205 197
206 25
206 94
206 142
206 198
207 25
207 95
207 143
207 199
208 26
208 88
208 144
208 200
209 26
209 89
209 145
209 201
210 26
210 90
210 146
210 202
211 26
211 91
211 147
211 203
212 26
212 92
212 148
212 204
213 26
213 93
213 149
213 205
214 26
214 94
214 150
214 206
215 26
215 95
215 151
215 207
216 27
216 88
216 152
216 200
217 27
217 89
217 153
217 201
218 27
218 90
218 154
218 202
219 27
219 91
219 155
219 203
220 27
220 92
220 156
220 204
221 27
221 93
221 157
221 205
222 27
222 94
222 158
222 206
223 27
223 95
223 159
223 207
224 28
224 88
224 160
224 208
225 28
225 89
225 161
225 209
226 28
226 90
226 162
226 210
227 28
227 91
227 163
227 211
228 28
228 92
228 164
228 212
229 28
229 93
229 165
229 213
230 28
230 94
230 166
230 214
231 28
231 95
231 167
231 215
232 29
232 88
232 168
232 208
233 29
233 89
233 169
233 209
234 29
234 90
234 170
234 210
235 29
235 91
235 171
235 211
236 29
236 92
236 172
236 212
237 29
237 93
237 173
237 213
238 29
238 94
238 174
238 214
239 29
239 95
239 175
239 215
240 30
240 88
240 176
240 216
241 30
241 89
241 177
241 217
242 30
242 90
242 178
242 218
243 30
243 91
243 179
243 219
244 30
244 92
244 180
244 220
245 30
245 93
245 181
245 221
246 30
246 94
246 182
246 222
247 30
247 95
247 183
247 223
248 31
248 88
248 184
248 216
249 31
249 89
249 185
249 217
250 31
250 90
250 186
250 218
251 31
251 91
251 187
251 219
252 31
252 92
252 188
252 220
253 31
253 93
253 189
253 221
254 31
254 94
254 190
254 222
255 31
255 95
255 191
255 223
256 32
256 96
256 128
256 224
257 32
257 97
257 129
257 225
258 32
258 98
258 130
258 226
259 32
259 99
259 131
259 227
260 32
260 100
260 132
260 228
261 32
261 101
261 133
261 229
262 32
262 102
262 134
262 230
263 32
263 103
263 135
263 231
264 33
264 96
264 136
264 224
265 33
265 97
265 137
265 225
266 33
266 98
266 138
266 226
267 33
267 99
267 139
267 227
268 33
268 100
268 140
268 228
269 33
269 101
269 141
269 229
270 33
270 102
270 142
270 230
271 33
271 103
271 143
271 231
272 34
272 96
272 144
272 232
273 34
273 97
273 145
273 233
274 34
274 98
274 146
274 234
275 34
275 99
275 147
275 235
276 34
276 100
276 148
276 236
277 34
277 101
277 149
277 237
278 34
278 102
278 150
278 238
279 34
279 103
279 151
279 239
280 35
280 96
280 152
280 232
281 35
281 97
281 153
281 233
282 35
282 98
282 154
282 234
283 35
283 99
283 155
283 235
284 35
284 100
284 156
284 236
285 35
285 101
285 157
285 237
286 35
286 102
286 158
286 238
287 35
287 103
287 159
287 239
288 36
288 96
288 160
288 240
289 36
289 97
289 161
289 241
290 36
290 98
290 162
290 242
291 36
291 99
291 163
291 243
292 36
292 100
292 164
292 244
293 36
293 101
293 165
293 245
294 36
294 102
294 166
294 246
295 36
295 103
295 167
295 247
296 37
296 96
296 168
296 240
297 37
297 97
297 169
297 241
298 37
298 98
298 170
298 242
299 37
299 99
299 171
299 243
300 37
300 100
300 172
300 244
301 37
301 101
301 173
301 245
302 37
302 102
302 174
302 246
303 37
303 103
303 175
303 247
304 38
304 96
304 176
304 248
305 38
305 97
305 177
305 249
306 38
306 98
306 178
306 250
307 38
307 99
307 179
307 251
308 38
308 100
308 180
308 252
309 38
309 101
309 181
309 253
310 38
310 102
310 182
310 254
311 38
311 103
311 183
311 255
312 39
312 96
312 184
312 248
313 39
313 97
313 185
313 249
314 39
314 98
314 186
314 250
315 39
315 99
315 187
315 251
316 39
316 100
316 188
316 252
317 39
317 101
317 189
317 253
318 39
318 102
318 190
318 254
319 39
319 103
319 191
319 255
320 40
320 104
320 128
320 224
321 40
321 105
321 129
321 225
322 40
322 106
322 130
322 226
323 40
323 107
323 131
323 227
324 40
324 108
324 132
324 228
325 40
325 109
325 133
325 229
326 40
326 110
326 134
326 230
327 40
327 111
327 135
327 231
328 41
328 104
328 136
328 224
329 41
329 105
329 137
329 225
330 41
330 106
330 138
330 226
331 41
331 107
331 139
331 227
332 41
332 108
332 140
332 228
333 41
333 109
333 141
333 229
334 41
334 110
334 142
334 230
335 41
335 111
335 143
335 231
336 42
336 104
336 144
336 232
337 42
337 105
337 145
337 233
338 42
338 106
338 146
338 234
339 42
339 107
339 147
339 235
340 42
340 108
340 148
340 236
341 42
341 109
341 149
341 237
342 42
342 110
342 150
342 238
343 42
343 111
343 151
343 239
344 43
344 104
344 152
344 232
345 43
345 105
345 153
345 233
346 43
346 106
346 154
346 234
347 43
347 107
347 155
347 235
348 43
348 108
348 156
348 236
349 43
349 109
349 157
349 237
350 43
350 110
350 158
350 238
351 43
351 111
351 159
351 239
352 44
352 104
352 160
352 240
353 44
353 105
353 161
353 241
354 44
354 106
354 162
354 242
355 44
355 107
355 163
355 243
356 44
356 108
356 164
356 244
357 44
357 109
357 165
357 245
358 44
358 110
358 166
358 246
359 44
359 111
359 167
359 247
360 45
360 104
360 168
360 240
361 45
361 105
361 169
361 241
362 45
362 106
362 170
362 242
363 45
363 107
363 171
363 243
364 45
364 108
364 172
364 244
365 45
365 109
365 173
365 245
366 45
366 110
366 174
366 246
367 45
367 111
367 175
367 247
368 46
368 104
368 176
368 248
369 46
369 105
369 177
369 249
370 46
370 106
370 178
370 250
371 46
371 107
371 179
371 251
372 46
372 108
372 180
372 252
373 46
373 109
373 181
373 253
374 46
374 110
374 182
374 254
375 46
375 111
375 183
375 255
376 47
376 104
376 184
376 248
377 47
377 105
377 185
377 249
378 47
378 106
378 186
378 250
379 47
379 107
379 187
379 251
380 47
380 108
380 188
380 252
381 47
381 109
381 189
381 253
382 47
382 110
382 190
382 254
383 47
383 111
383 191
383 255
384 48
384 112
384 128
384 224
385 48
385 113
385 129
385 225
386 48
386 114
386 130
386 226
387 48
387 115
387 131
387 227
388 48
388 116
388 132
388 228
389 48
389 117
389 133
389 229
390 48
390 118
390 134
390 230
391 48
391 119
391 135
391 231
392 49
392 112
392 136
392 224
393 49
393 113
393 137
393 225
394 49
394 114
394 138
394 226
395 49
395 115
395 139
395 227
396 49
396 116
396 140
396 228
397 49
397 117
397 141
397 229
398 49
398 118
398 142
398 230
399 49
399 119
399 143
399 231
400 50
400 112
400 144
400 232
401 50
401 113
401 145
401 233
402 50
402 114
402 146
402 234
403 50
403 115
403 147
403 235
404 50
404 116
404 148
404 236
405 50
405 117
405 149
405 237
406 50
406 118
406 150
406 238
407 50
407 119
407 151
407 239
408 51
408 112
408 152
408 232
409 51
409 113
409 153
409 233
410 51
410 114
410 154
410 234
411 51
411 115
411 155
411 235
412 51
412 116
412 156
412 236
413 51
413 117
413 157
413 237
414 51
414 118
414 158
414 238
415 51
415 119
415 159
415 239
416 52
416 112
416 160
416 240
417 52
417 113
417 161
417 241
418 52
418 114
418 162
418 242
419 52
419 115
419 163
419 243
420 52
420 116
420 164
420 244
421 52
421 117
421 165
421 245
422 52
422 118
422 166
422 246
423 52
423 119
423 167
423 247
424 53
424 112
424 168
424 240
425 53
425 113
425 169
425 241
426 53
426 114
426 170
426 242
427 53
427 115
427 171
427 243
428 53
428 116
428 172
428 244
429 53
429 117
429 173
429 245
430 53
430 118
430 174
430 246
431 53
431 119
431 175
431 247
432 54
432 112
432 176
432 248
433 54
433 113
433 177
433 249
434 54
434 114
434 178
434 250
435 54
435 115
435 179
435 251
436 54
436 116
436 180
436 252
437 54
437 117
437 181
437 253
438 54
438 118
438 182
438 254
439 54
439 119
439 183
439 255
440 55
440 112
440 184
440 248
441 55
441 113
441 185
441 249
442 55
442 114
442 186
442 250
443 55
443 115
443 187
443 251
444 55
444 116
444 188
444 252
445 55
445 117
445 189
445 253
446 55
446 118
446 190
446 254
447 55
447 119
447 191
447 255
448 56
448 120
448 128
448 224
449 56
449 121
449 129
449 225
450 56
450 122
450 130
450 226
451 56
451 123
451 131
451 227
452 56
452 124
452 132
452 228
453 56
453 125
453 133
453 229
454 56
454 126
454 134
454 230
455 56
455 127
455 135
455 231
456 57
456 120
456 136
456 224
457 57
457 121
457 137
457 225
458 57
458 122
458 138
458 226
459 57
459 123
459 139
459 227
460 57
460 124
460 140
460 228
461 57
461 125
461 141
461 229
462 57
462 126
462 142
462 230
463 57
463 127
463 143
463 231
464 58
464 120
464 144
464 232
465 58
465 121
465 145
465 233
466 58
466 122
466 146
466 234
467 58
467 123
467 147
467 235
468 58
468 124
468 148
468 236
469 58
469 125
469 149
469 237
470 58
470 126
470 150
470 238
471 58
471 127
471 151
471 239
472 59
472 120
472 152
472 232
473 59
473 121
473 153
473 233
474 59
474 122
474 154
474 234
475 59
475 123
475 155
475 235
476 59
476 124
476 156
476 236
477 59
477 125
477 157
477 237
478 59
478 126
478 158
478 238
479 59
479 127
479 159
479 239
480 60
480 120
480 160
480 240
481 60
481 121
481 161
481 241
482 60
482 122
482 162
482 242
483 60
483 123
483 163
483 243
484 60
484 124
484 164
484 244
485 60
485 125
485 165
485 245
486 60
486 126
486 166
486 246
487 60
487 127
487 167
487 247
488 61
488 120
488 168
488 240
489 61
489 121
489 169
489 241
490 61
490 122
490 170
490 242
491 61
491 123
491 171
491 243
492 61
492 124
492 172
492 244
493 61
493 125
493 173
493 245
494 61
494 126
494 174
494 246
495 61
495 127
495 175
495 247
496 62
496 120
496 176
496 248
497 62
497 121
497 177
497 249
498 62
498 122
498 178
498 250
499 62
499 123
499 179
499 251
500 62
500 124
500 180
500 252
501 62
501 125
501 181
501 253
502 62
502 126
502 182
502 254
503 62
503 127
503 183
503 255
504 63
504 120
504 184
504 248
505 63
505 121
505 185
505 249
506 63
506 122
506 186
506 250
507 63
507 123
507 187
507 251
508 63
508 124
508 188
508 252
509 63
509 125
509 189
509 253
510 63
510 126
510 190
510 254
511 63
511 127
511 191
511 255
