0 0
0 4
0 10
0 13
0 19
1 1
1 4
1 10
1 13
1 19
2 2
2 4
2 10
2 13
2 19
3 3
3 4
3 10
3 13
3 19
4 0
4 4
4 10
4 17
4 15
5 1
5 4
5 10
5 17
5 15
6 2
6 4
6 10
6 17
6 15
7 3
7 4
7 10
7 17
7 15
8 0
8 8
8 6
8 13
8 19
9 1
9 8
9 6
9 13
9 19
10 2
10 8
10 6
10 13
10 19
11 3
11 8
11 6
11 13
11 19
12 0
12 8
12 6
12 17
12 15
13 1
13 8
13 6
13 17
13 15
14 2
14 8
14 6
14 17
14 15
15 3
15 8
15 6
15 17
15 15
16 0
16 4
16 11
16 13
16 18
17 1
17 4
17 11
17 13
17 18
18 2
18 4
18 11
18 13
18 18
19 3
19 4
19 11
19 13
19 18
20 0
20 4
20 11
20 17
20 14
21 1
21 4
21 11
21 17
21 14
22 2
22 4
22 11
22 17
22 14
23 3
23 4
23 11
23 17
23 14
24 0
24 8
24 7
24 13
24 18
25 1
25 8
25 7
25 13
25 18
26 2
26 8
26 7
26 13
26 18
27 3
27 8
27 7
27 13
27 18
28 0
28 8
28 7
28 17
28 14
29 1
29 8
29 7
29 17
29 14
30 2
30 8
30 7
30 17
30 14
31 3
31 8
31 7
31 17
31 14
32 0
32 5
32 10
32 12
32 19
33 1
33 5
33 10
33 12
33 19
34 2
34 5
34 10
34 12
34 19
35 3
35 5
35 10
35 12
35 19
36 0
36 5
36 10
36 16
36 15
37 1
37 5
37 10
37 16
37 15
38 2
38 5
38 10
38 16
38 15
39 3
39 5
39 10
39 16
39 15
40 0
40 9
40 6
40 12
40 19
41 1
41 9
41 6
41 12
41 19
42 2
42 9
42 6
42 12
42 19
43 3
43 9
43 6
43 12
43 19
44 0
44 9
44 6
44 16
44 15
45 1
45 9
45 6
45 16
45 15
46 2
46 9
46 6
46 16
46 15
47 3
47 9
47 6
47 16
47 15
48 0
48 5
48 11
48 12
48 18
49 1
49 5
49 11
49 12
49 18
50 2
50 5
50 11
50 12
50 18
51 3
51 5
51 11
51 12
51 18
52 0
52 5
52 11
52 16
52 14
53 1
53 5
53 11
53 16
53 14
54 2
54 5
54 11
54 16
54 14
55 3
55 5
55 11
55 16
55 14
56 0
56 9
56 7
56 12
56 18
57 1
57 9
57 7
57 12
57 18
58 2
58 9
58 7
58 12
58 18
59 3
59 9
59 7
59 12
59 18
60 0
60 9
60 7
60 16
60 14
61 1
61 9
61 7
61 16
61 14
62 2
62 9
62 7
62 16
62 14
63 3
63 9
63 7
63 16
63 14
