0 0
0 6
0 14
0 22
0 25
0 33
0 41
1 1
1 6
1 14
1 22
1 25
1 33
1 41
2 2
2 6
2 14
2 22
2 25
2 33
2 41
3 3
3 6
3 14
3 22
3 25
3 33
3 41
4 4
4 6
4 14
4 22
4 25
4 33
4 41
5 5
5 6
5 14
5 22
5 25
5 33
5 41
6 0
6 6
6 14
6 22
6 27
6 31
6 41
7 1
7 6
7 14
7 22
7 27
7 31
7 41
8 2
8 6
8 14
8 22
8 27
8 31
8 41
9 3
9 6
9 14
9 22
9 27
9 31
9 41
10 4
10 6
10 14
10 22
10 27
10 31
10 41
11 5
11 6
11 14
11 22
11 27
11 31
11 41
12 0
12 6
12 14
12 22
12 29
12 31
12 39
13 1
13 6
13 14
13 22
13 29
13 31
13 39
14 2
14 6
14 14
14 22
14 29
14 31
14 39
15 3
15 6
15 14
15 22
15 29
15 31
15 39
16 4
16 6
16 14
16 22
16 29
16 31
16 39
17 5
17 6
17 14
17 22
17 29
17 31
17 39
18 0
18 6
18 14
18 22
18 25
18 35
18 39
19 1
19 6
19 14
19 22
19 25
19 35
19 39
20 2
20 6
20 14
20 22
20 25
20 35
20 39
21 3
21 6
21 14
21 22
21 25
21 35
21 39
22 4
22 6
22 14
22 22
22 25
22 35
22 39
23 5
23 6
23 14
23 22
23 25
23 35
23 39
24 0
24 6
24 14
24 22
24 27
24 35
24 37
25 1
25 6
25 14
25 22
25 27
25 35
25 37
26 2
26 6
26 14
26 22
26 27
26 35
26 37
27 3
27 6
27 14
27 22
27 27
27 35
27 37
28 4
28 6
28 14
28 22
28 27
28 35
28 37
29 5
29 6
29 14
29 22
29 27
29 35
29 37
30 0
30 6
30 14
30 22
30 29
30 33
30 37
31 1
31 6
31 14
31 22
31 29
31 33
31 37
32 2
32 6
32 14
32 22
32 29
32 33
32 37
33 3
33 6
33 14
33 22
33 29
33 33
33 37
34 4
34 6
34 14
34 22
34 29
34 33
34 37
35 5
35 6
35 14
35 22
35 29
35 33
35 37
36 0
36 8
36 12
36 22
36 25
36 33
36 41
37 1
37 8
37 12
37 22
37 25
37 33
37 41
38 2
38 8
38 12
38 22
38 25
38 33
38 41
39 3
39 8
39 12
39 22
39 25
39 33
39 41
40 4
40 8
40 12
40 22
40 25
40 33
40 41
41 5
41 8
41 12
41 22
41 25
41 33
41 41
42 0
42 8
42 12
42 22
42 27
42 31
42 41
43 1
43 8
43 12
43 22
43 27
43 31
43 41
44 2
44 8
44 12
44 22
44 27
44 31
44 41
45 3
45 8
45 12
45 22
45 27
45 31
45 41
46 4
46 8
46 12
46 22
46 27
46 31
46 41
47 5
47 8
47 12
47 22
47 27
47 31
47 41
48 0
48 8
48 12
48 22
48 29
48 31
48 39
49 1
49 8
49 12
49 22
49 29
49 31
49 39
50 2
50 8
50 12
50 22
50 29
50 31
50 39
51 3
51 8
51 12
51 22
51 29
51 31
51 39
52 4
52 8
52 12
52 22
52 29
52 31
52 39
53 5
53 8
53 12
53 22
53 29
53 31
53 39
54 0
54 8
54 12
54 22
54 25
54 35
54 39
55 1
55 8
55 12
55 22
55 25
55 35
55 39
56 2
56 8
56 12
56 22
56 25
56 35
56 39
57 3
57 8
57 12
57 22
57 25
57 35
57 39
58 4
58 8
58 12
58 22
58 25
58 35
58 39
59 5
59 8
59 12
59 22
59 25
59 35
59 39
60 0
60 8
60 12
60 22
60 27
60 35
60 37
61 1
61 8
61 12
61 22
61 27
61 35
61 37
62 2
62 8
62 12
62 22
62 27
62 35
62 37
63 3
63 8
63 12
63 22
63 27
63 35
63 37
64 4
64 8
64 12
64 22
64 27
64 35
64 37
65 5
65 8
65 12
65 22
65 27
65 35
65 37
66 0
66 8
66 12
66 22
66 29
66 33
66 37
67 1
67 8
67 12
67 22
67 29
67 33
67 37
68 2
68 8
68 12
68 22
68 29
68 33
68 37
69 3
69 8
69 12
69 22
69 29
69 33
69 37
70 4
70 8
70 12
70 22
70 29
70 33
70 37
71 5
71 8
71 12
71 22
71 29
71 33
71 37
72 0
72 10
72 12
72 20
72 25
72 33
72 41
73 1
73 10
73 12
73 20
73 25
73 33
73 41
74 2
74 10
74 12
74 20
74 25
74 33
74 41
75 3
75 10
75 12
75 20
75 25
75 33
75 41
76 4
76 10
76 12
76 20
76 25
76 33
76 41
77 5
77 10
77 12
77 20
77 25
77 33
77 41
78 0
78 10
78 12
78 20
78 27
78 31
78 41
79 1
79 10
79 12
79 20
79 27
79 31
79 41
80 2
80 10
80 12
80 20
80 27
80 31
80 41
81 3
81 10
81 12
81 20
81 27
81 31
81 41
82 4
82 10
82 12
82 20
82 27
82 31
82 41
83 5
83 10
83 12
83 20
83 27
83 31
83 41
84 0
84 10
84 12
84 20
84 29
84 31
84 39
85 1
85 10
85 12
85 20
85 29
85 31
85 39
86 2
86 10
86 12
86 20
86 29
86 31
86 39
87 3
87 10
87 12
87 20
87 29
87 31
87 39
88 4
88 10
88 12
88 20
88 29
88 31
88 39
89 5
89 10
89 12
89 20
89 29
89 31
89 39
90 0
90 10
90 12
90 20
90 25
90 35
90 39
91 1
91 10
91 12
91 20
91 25
91 35
91 39
92 2
92 10
92 12
92 20
92 25
92 35
92 39
93 3
93 10
93 12
93 20
93 25
93 35
93 39
94 4
94 10
94 12
94 20
94 25
94 35
94 39
95 5
95 10
95 12
95 20
95 25
95 35
95 39
96 0
96 10
96 12
96 20
96 27
96 35
96 37
97 1
97 10
97 12
97 20
97 27
97 35
97 37
98 2
98 10
98 12
98 20
98 27
98 35
98 37
99 3
99 10
99 12
99 20
99 27
99 35
99 37
100 4
100 10
100 12
100 20
100 27
100 35
100 37
101 5
101 10
101 12
101 20
101 27
101 35
101 37
102 0
102 10
102 12
102 20
102 29
102 33
102 37
103 1
103 10
103 12
103 20
103 29
103 33
103 37
104 2
104 10
104 12
104 20
104 29
104 33
104 37
105 3
105 10
105 12
105 20
105 29
105 33
105 37
106 4
106 10
106 12
106 20
106 29
106 33
106 37
107 5
107 10
107 12
107 20
107 29
107 33
107 37
108 0
108 6
108 16
108 20
108 25
108 33
108 41
109 1
109 6
109 16
109 20
109 25
109 33
109 41
110 2
110 6
110 16
110 20
110 25
110 33
110 41
111 3
111 6
111 16
111 20
111 25
111 33
111 41
112 4
112 6
112 16
112 20
112 25
112 33
112 41
113 5
113 6
113 16
113 20
113 25
113 33
113 41
114 0
114 6
114 16
114 20
114 27
114 31
114 41
115 1
115 6
115 16
115 20
115 27
115 31
115 41
116 2
116 6
116 16
116 20
116 27
116 31
116 41
117 3
117 6
117 16
117 20
117 27
117 31
117 41
118 4
118 6
118 16
118 20
118 27
118 31
118 41
119 5
119 6
119 16
119 20
119 27
119 31
119 41
120 0
120 6
120 16
120 20
120 29
120 31
120 39
121 1
121 6
121 16
121 20
121 29
121 31
121 39
122 2
122 6
122 16
122 20
122 29
122 31
122 39
123 3
123 6
123 16
123 20
123 29
123 31
123 39
124 4
124 6
124 16
124 20
124 29
124 31
124 39
125 5
125 6
125 16
125 20
125 29
125 31
125 39
126 0
126 6
126 16
126 20
126 25
126 35
126 39
127 1
127 6
127 16
127 20
127 25
127 35
127 39
128 2
128 6
128 16
128 20
128 25
128 35
128 39
129 3
129 6
129 16
129 20
129 25
129 35
129 39
130 4
130 6
130 16
130 20
130 25
130 35
130 39
131 5
131 6
131 16
131 20
131 25
131 35
131 39
132 0
132 6
132 16
132 20
132 27
132 35
132 37
133 1
133 6
133 16
133 20
133 27
133 35
133 37
134 2
134 6
134 16
134 20
134 27
134 35
134 37
135 3
135 6
135 16
135 20
135 27
135 35
135 37
136 4
136 6
136 16
136 20
136 27
136 35
136 37
137 5
137 6
137 16
137 20
137 27
137 35
137 37
138 0
138 6
138 16
138 20
138 29
138 33
138 37
139 1
139 6
139 16
139 20
139 29
139 33
139 37
140 2
140 6
140 16
140 20
140 29
140 33
140 37
141 3
141 6
141 16
141 20
141 29
141 33
141 37
142 4
142 6
142 16
142 20
142 29
142 33
142 37
143 5
143 6
143 16
143 20
143 29
143 33
143 37
144 0
144 8
144 16
144 18
144 25
144 33
144 41
145 1
145 8
145 16
145 18
145 25
145 33
145 41
146 2
146 8
146 16
146 18
146 25
146 33
146 41
147 3
147 8
147 16
147 18
147 25
147 33
147 41
148 4
148 8
148 16
148 18
148 25
148 33
148 41
149 5
149 8
149 16
149 18
149 25
149 33
149 41
150 0
150 8
150 16
150 18
150 27
150 31
150 41
151 1
151 8
151 16
151 18
151 27
151 31
151 41
152 2
152 8
152 16
152 18
152 27
152 31
152 41
153 3
153 8
153 16
153 18
153 27
153 31
153 41
154 4
154 8
154 16
154 18
154 27
154 31
154 41
155 5
155 8
155 16
155 18
155 27
155 31
155 41
156 0
156 8
156 16
156 18
156 29
156 31
156 39
157 1
157 8
157 16
157 18
157 29
157 31
157 39
158 2
158 8
158 16
158 18
158 29
158 31
158 39
159 3
159 8
159 16
159 18
159 29
159 31
159 39
160 4
160 8
160 16
160 18
160 29
160 31
160 39
161 5
161 8
161 16
161 18
161 29
161 31
161 39
162 0
162 8
162 16
162 18
162 25
162 35
162 39
163 1
163 8
163 16
163 18
163 25
163 35
163 39
164 2
164 8
164 16
164 18
164 25
164 35
164 39
165 3
165 8
165 16
165 18
165 25
165 35
165 39
166 4
166 8
166 16
166 18
166 25
166 35
166 39
167 5
167 8
167 16
167 18
167 25
167 35
167 39
168 0
168 8
168 16
168 18
168 27
168 35
168 37
169 1
169 8
169 16
169 18
169 27
169 35
169 37
170 2
170 8
170 16
170 18
170 27
170 35
170 37
171 3
171 8
171 16
171 18
171 27
171 35
171 37
172 4
172 8
172 16
172 18
172 27
172 35
172 37
173 5
173 8
173 16
173 18
173 27
173 35
173 37
174 0
174 8
174 16
174 18
174 29
174 33
174 37
175 1
175 8
175 16
175 18
175 29
175 33
175 37
176 2
176 8
176 16
176 18
176 29
176 33
176 37
177 3
177 8
177 16
177 18
177 29
177 33
177 37
178 4
178 8
178 16
178 18
178 29
178 33
178 37
179 5
179 8
179 16
179 18
179 29
179 33
179 37
180 0
180 10
180 14
180 18
180 25
180 33
180 41
181 1
181 10
181 14
181 18
181 25
181 33
181 41
182 2
182 10
182 14
182 18
182 25
182 33
182 41
183 3
183 10
183 14
183 18
183 25
183 33
183 41
184 4
184 10
184 14
184 18
184 25
184 33
184 41
185 5
185 10
185 14
185 18
185 25
185 33
185 41
186 0
186 10
186 14
186 18
186 27
186 31
186 41
187 1
187 10
187 14
187 18
187 27
187 31
187 41
188 2
188 10
188 14
188 18
188 27
188 31
188 41
189 3
189 10
189 14
189 18
189 27
189 31
189 41
190 4
190 10
190 14
190 18
190 27
190 31
190 41
191 5
191 10
191 14
191 18
191 27
191 31
191 41
192 0
192 10
192 14
192 18
192 29
192 31
192 39
193 1
193 10
193 14
193 18
193 29
193 31
193 39
194 2
194 10
194 14
194 18
194 29
194 31
194 39
195 3
195 10
195 14
195 18
195 29
195 31
195 39
196 4
196 10
196 14
196 18
196 29
196 31
196 39
197 5
197 10
197 14
197 18
197 29
197 31
197 39
198 0
198 10
198 14
198 18
198 25
198 35
198 39
199 1
199 10
199 14
199 18
199 25
199 35
199 39
200 2
200 10
200 14
200 18
200 25
200 35
200 39
201 3
201 10
201 14
201 18
201 25
201 35
201 39
202 4
202 10
202 14
202 18
202 25
202 35
202 39
203 5
203 10
203 14
203 18
203 25
203 35
203 39
204 0
204 10
204 14
204 18
204 27
204 35
204 37
205 1
205 10
205 14
205 18
205 27
205 35
205 37
206 2
206 10
206 14
206 18
206 27
206 35
206 37
207 3
207 10
207 14
207 18
207 27
207 35
207 37
208 4
208 10
208 14
208 18
208 27
208 35
208 37
209 5
209 10
209 14
209 18
209 27
209 35
209 37
210 0
210 10
210 14
210 18
210 29
210 33
210 37
211 1
211 10
211 14
211 18
211 29
211 33
211 37
212 2
212 10
212 14
212 18
212 29
212 33
212 37
213 3
213 10
213 14
213 18
213 29
213 33
213 37
214 4
214 10
214 14
214 18
214 29
214 33
214 37
215 5
215 10
215 14
215 18
215 29
215 33
215 37
216 0
216 6
216 14
216 23
216 25
216 33
216 40
217 1
217 6
217 14
217 23
217 25
217 33
217 40
218 2
218 6
218 14
218 23
218 25
218 33
218 40
219 3
219 6
219 14
219 23
219 25
219 33
219 40
220 4
220 6
220 14
220 23
220 25
220 33
220 40
221 5
221 6
221 14
221 23
221 25
221 33
221 40
222 0
222 6
222 14
222 23
222 27
222 31
222 40
223 1
223 6
223 14
223 23
223 27
223 31
223 40
224 2
224 6
224 14
224 23
224 27
224 31
224 40
225 3
225 6
225 14
225 23
225 27
225 31
225 40
226 4
226 6
226 14
226 23
226 27
226 31
226 40
227 5
227 6
227 14
227 23
227 27
227 31
227 40
228 0
228 6
228 14
228 23
228 28
228 31
228 39
229 1
229 6
229 14
229 23
229 28
229 31
229 39
230 2
230 6
230 14
230 23
230 28
230 31
230 39
231 3
231 6
231 14
231 23
231 28
231 31
231 39
232 4
232 6
232 14
232 23
232 28
232 31
232 39
233 5
233 6
233 14
233 23
233 28
233 31
233 39
234 0
234 6
234 14
234 23
234 25
234 34
234 39
235 1
235 6
235 14
235 23
235 25
235 34
235 39
236 2
236 6
236 14
236 23
236 25
236 34
236 39
237 3
237 6
237 14
237 23
237 25
237 34
237 39
238 4
238 6
238 14
238 23
238 25
238 34
238 39
239 5
239 6
239 14
239 23
239 25
239 34
239 39
240 0
240 6
240 14
240 23
240 27
240 34
240 37
241 1
241 6
241 14
241 23
241 27
241 34
241 37
242 2
242 6
242 14
242 23
242 27
242 34
242 37
243 3
243 6
243 14
243 23
243 27
243 34
243 37
244 4
244 6
244 14
244 23
244 27
244 34
244 37
245 5
245 6
245 14
245 23
245 27
245 34
245 37
246 0
246 6
246 14
246 23
246 28
246 33
246 37
247 1
247 6
247 14
247 23
247 28
247 33
247 37
248 2
248 6
248 14
248 23
248 28
248 33
248 37
249 3
249 6
249 14
249 23
249 28
249 33
249 37
250 4
250 6
250 14
250 23
250 28
250 33
250 37
251 5
251 6
251 14
251 23
251 28
251 33
251 37
252 0
252 8
252 12
252 23
252 25
252 33
252 40
253 1
253 8
253 12
253 23
253 25
253 33
253 40
254 2
254 8
254 12
254 23
254 25
254 33
254 40
255 3
255 8
255 12
255 23
255 25
255 33
255 40
256 4
256 8
256 12
256 23
256 25
256 33
256 40
257 5
257 8
257 12
257 23
257 25
257 33
257 40
258 0
258 8
258 12
258 23
258 27
258 31
258 40
259 1
259 8
259 12
259 23
259 27
259 31
259 40
260 2
260 8
260 12
260 23
260 27
260 31
260 40
261 3
261 8
261 12
261 23
261 27
261 31
261 40
262 4
262 8
262 12
262 23
262 27
262 31
262 40
263 5
263 8
263 12
263 23
263 27
263 31
263 40
264 0
264 8
264 12
264 23
264 28
264 31
264 39
265 1
265 8
265 12
265 23
265 28
265 31
265 39
266 2
266 8
266 12
266 23
266 28
266 31
266 39
267 3
267 8
267 12
267 23
267 28
267 31
267 39
268 4
268 8
268 12
268 23
268 28
268 31
268 39
269 5
269 8
269 12
269 23
269 28
269 31
269 39
270 0
270 8
270 12
270 23
270 25
270 34
270 39
271 1
271 8
271 12
271 23
271 25
271 34
271 39
272 2
272 8
272 12
272 23
272 25
272 34
272 39
273 3
273 8
273 12
273 23
273 25
273 34
273 39
274 4
274 8
274 12
274 23
274 25
274 34
274 39
275 5
275 8
275 12
275 23
275 25
275 34
275 39
276 0
276 8
276 12
276 23
276 27
276 34
276 37
277 1
277 8
277 12
277 23
277 27
277 34
277 37
278 2
278 8
278 12
278 23
278 27
278 34
278 37
279 3
279 8
279 12
279 23
279 27
279 34
279 37
280 4
280 8
280 12
280 23
280 27
280 34
280 37
281 5
281 8
281 12
281 23
281 27
281 34
281 37
282 0
282 8
282 12
282 23
282 28
282 33
282 37
283 1
283 8
283 12
283 23
283 28
283 33
283 37
284 2
284 8
284 12
284 23
284 28
284 33
284 37
285 3
285 8
285 12
285 23
285 28
285 33
285 37
286 4
286 8
286 12
286 23
286 28
286 33
286 37
287 5
287 8
287 12
287 23
287 28
287 33
287 37
288 0
288 11
288 12
288 20
288 25
288 33
288 40
289 1
289 11
289 12
289 20
289 25
289 33
289 40
290 2
290 11
290 12
290 20
290 25
290 33
290 40
291 3
291 11
291 12
291 20
291 25
291 33
291 40
292 4
292 11
292 12
292 20
292 25
292 33
292 40
293 5
293 11
293 12
293 20
293 25
293 33
293 40
294 0
294 11
294 12
294 20
294 27
294 31
294 40
295 1
295 11
295 12
295 20
295 27
295 31
295 40
296 2
296 11
296 12
296 20
296 27
296 31
296 40
297 3
297 11
297 12
297 20
297 27
297 31
297 40
298 4
298 11
298 12
298 20
298 27
298 31
298 40
299 5
299 11
299 12
299 20
299 27
299 31
299 40
300 0
300 11
300 12
300 20
300 28
300 31
300 39
301 1
301 11
301 12
301 20
301 28
301 31
301 39
302 2
302 11
302 12
302 20
302 28
302 31
302 39
303 3
303 11
303 12
303 20
303 28
303 31
303 39
304 4
304 11
304 12
304 20
304 28
304 31
304 39
305 5
305 11
305 12
305 20
305 28
305 31
305 39
306 0
306 11
306 12
306 20
306 25
306 34
306 39
307 1
307 11
307 12
307 20
307 25
307 34
307 39
308 2
308 11
308 12
308 20
308 25
308 34
308 39
309 3
309 11
309 12
309 20
309 25
309 34
309 39
310 4
310 11
310 12
310 20
310 25
310 34
310 39
311 5
311 11
311 12
311 20
311 25
311 34
311 39
312 0
312 11
312 12
312 20
312 27
312 34
312 37
313 1
313 11
313 12
313 20
313 27
313 34
313 37
314 2
314 11
314 12
314 20
314 27
314 34
314 37
315 3
315 11
315 12
315 20
315 27
315 34
315 37
316 4
316 11
316 12
316 20
316 27
316 34
316 37
317 5
317 11
317 12
317 20
317 27
317 34
317 37
318 0
318 11
318 12
318 20
318 28
318 33
318 37
319 1
319 11
319 12
319 20
319 28
319 33
319 37
320 2
320 11
320 12
320 20
320 28
320 33
320 37
321 3
321 11
321 12
321 20
321 28
321 33
321 37
322 4
322 11
322 12
322 20
322 28
322 33
322 37
323 5
323 11
323 12
323 20
323 28
323 33
323 37
324 0
324 6
324 17
324 20
324 25
324 33
324 40
325 1
325 6
325 17
325 20
325 25
325 33
325 40
326 2
326 6
326 17
326 20
326 25
326 33
326 40
327 3
327 6
327 17
327 20
327 25
327 33
327 40
328 4
328 6
328 17
328 20
328 25
328 33
328 40
329 5
329 6
329 17
329 20
329 25
329 33
329 40
330 0
330 6
330 17
330 20
330 27
330 31
330 40
331 1
331 6
331 17
331 20
331 27
331 31
331 40
332 2
332 6
332 17
332 20
332 27
332 31
332 40
333 3
333 6
333 17
333 20
333 27
333 31
333 40
334 4
334 6
334 17
334 20
334 27
334 31
334 40
335 5
335 6
335 17
335 20
335 27
335 31
335 40
336 0
336 6
336 17
336 20
336 28
336 31
336 39
337 1
337 6
337 17
337 20
337 28
337 31
337 39
338 2
338 6
338 17
338 20
338 28
338 31
338 39
339 3
339 6
339 17
339 20
339 28
339 31
339 39
340 4
340 6
340 17
340 20
340 28
340 31
340 39
341 5
341 6
341 17
341 20
341 28
341 31
341 39
342 0
342 6
342 17
342 20
342 25
342 34
342 39
343 1
343 6
343 17
343 20
343 25
343 34
343 39
344 2
344 6
344 17
344 20
344 25
344 34
344 39
345 3
345 6
345 17
345 20
345 25
345 34
345 39
346 4
346 6
346 17
346 20
346 25
346 34
346 39
347 5
347 6
347 17
347 20
347 25
347 34
347 39
348 0
348 6
348 17
348 20
348 27
348 34
348 37
349 1
349 6
349 17
349 20
349 27
349 34
349 37
350 2
350 6
350 17
350 20
350 27
350 34
350 37
351 3
351 6
351 17
351 20
351 27
351 34
351 37
352 4
352 6
352 17
352 20
352 27
352 34
352 37
353 5
353 6
353 17
353 20
353 27
353 34
353 37
354 0
354 6
354 17
354 20
354 28
354 33
354 37
355 1
355 6
355 17
355 20
355 28
355 33
355 37
356 2
356 6
356 17
356 20
356 28
356 33
356 37
357 3
357 6
357 17
357 20
357 28
357 33
357 37
358 4
358 6
358 17
358 20
358 28
358 33
358 37
359 5
359 6
359 17
359 20
359 28
359 33
359 37
360 0
360 8
360 17
360 18
360 25
360 33
360 40
361 1
361 8
361 17
361 18
361 25
361 33
361 40
362 2
362 8
362 17
362 18
362 25
362 33
362 40
363 3
363 8
363 17
363 18
363 25
363 33
363 40
364 4
364 8
364 17
364 18
364 25
364 33
364 40
365 5
365 8
365 17
365 18
365 25
365 33
365 40
366 0
366 8
366 17
366 18
366 27
366 31
366 40
367 1
367 8
367 17
367 18
367 27
367 31
367 40
368 2
368 8
368 17
368 18
368 27
368 31
368 40
369 3
369 8
369 17
369 18
369 27
369 31
369 40
370 4
370 8
370 17
370 18
370 27
370 31
370 40
371 5
371 8
371 17
371 18
371 27
371 31
371 40
372 0
372 8
372 17
372 18
372 28
372 31
372 39
373 1
373 8
373 17
373 18
373 28
373 31
373 39
374 2
374 8
374 17
374 18
374 28
374 31
374 39
375 3
375 8
375 17
375 18
375 28
375 31
375 39
376 4
376 8
376 17
376 18
376 28
376 31
376 39
377 5
377 8
377 17
377 18
377 28
377 31
377 39
378 0
378 8
378 17
378 18
378 25
378 34
378 39
379 1
379 8
379 17
379 18
379 25
379 34
379 39
380 2
380 8
380 17
380 18
380 25
380 34
380 39
381 3
381 8
381 17
381 18
381 25
381 34
381 39
382 4
382 8
382 17
382 18
382 25
382 34
382 39
383 5
383 8
383 17
383 18
383 25
383 34
383 39
384 0
384 8
384 17
384 18
384 27
384 34
384 37
385 1
385 8
385 17
385 18
385 27
385 34
385 37
386 2
386 8
386 17
386 18
386 27
386 34
386 37
387 3
387 8
387 17
387 18
387 27
387 34
387 37
388 4
388 8
388 17
388 18
388 27
388 34
388 37
389 5
389 8
389 17
389 18
389 27
389 34
389 37
390 0
390 8
390 17
390 18
390 28
390 33
390 37
391 1
391 8
391 17
391 18
391 28
391 33
391 37
392 2
392 8
392 17
392 18
392 28
392 33
392 37
393 3
393 8
393 17
393 18
393 28
393 33
393 37
394 4
394 8
394 17
394 18
394 28
394 33
394 37
395 5
395 8
395 17
395 18
395 28
395 33
395 37
396 0
396 11
396 14
396 18
396 25
396 33
396 40
397 1
397 11
397 14
397 18
397 25
397 33
397 40
398 2
398 11
398 14
398 18
398 25
398 33
398 40
399 3
399 11
399 14
399 18
399 25
399 33
399 40
400 4
400 11
400 14
400 18
400 25
400 33
400 40
401 5
401 11
401 14
401 18
401 25
401 33
401 40
402 0
402 11
402 14
402 18
402 27
402 31
402 40
403 1
403 11
403 14
403 18
403 27
403 31
403 40
404 2
404 11
404 14
404 18
404 27
404 31
404 40
405 3
405 11
405 14
405 18
405 27
405 31
405 40
406 4
406 11
406 14
406 18
406 27
406 31
406 40
407 5
407 11
407 14
407 18
407 27
407 31
407 40
408 0
408 11
408 14
408 18
408 28
408 31
408 39
409 1
409 11
409 14
409 18
409 28
409 31
409 39
410 2
410 11
410 14
410 18
410 28
410 31
410 39
411 3
411 11
411 14
411 18
411 28
411 31
411 39
412 4
412 11
412 14
412 18
412 28
412 31
412 39
413 5
413 11
413 14
413 18
413 28
413 31
413 39
414 0
414 11
414 14
414 18
414 25
414 34
414 39
415 1
415 11
415 14
415 18
415 25
415 34
415 39
416 2
416 11
416 14
416 18
416 25
416 34
416 39
417 3
417 11
417 14
417 18
417 25
417 34
417 39
418 4
418 11
418 14
418 18
418 25
418 34
418 39
419 5
419 11
419 14
419 18
419 25
419 34
419 39
420 0
420 11
420 14
420 18
420 27
420 34
420 37
421 1
421 11
421 14
421 18
421 27
421 34
421 37
422 2
422 11
422 14
422 18
422 27
422 34
422 37
423 3
423 11
423 14
423 18
423 27
423 34
423 37
424 4
424 11
424 14
424 18
424 27
424 34
424 37
425 5
425 11
425 14
425 18
425 27
425 34
425 37
426 0
426 11
426 14
426 18
426 28
426 33
426 37
427 1
427 11
427 14
427 18
427 28
427 33
427 37
428 2
428 11
428 14
428 18
428 28
428 33
428 37
429 3
429 11
429 14
429 18
429 28
429 33
429 37
430 4
430 11
430 14
430 18
430 28
430 33
430 37
431 5
431 11
431 14
431 18
431 28
431 33
431 37
432 0
432 6
432 15
432 22
432 25
432 32
432 41
433 1
433 6
433 15
433 22
433 25
433 32
433 41
434 2
434 6
434 15
434 22
434 25
434 32
434 41
435 3
435 6
435 15
435 22
435 25
435 32
435 41
436 4
436 6
436 15
436 22
436 25
436 32
436 41
437 5
437 6
437 15
437 22
437 25
437 32
437 41
438 0
438 6
438 15
438 22
438 26
438 31
438 41
439 1
439 6
439 15
439 22
439 26
439 31
439 41
440 2
440 6
440 15
440 22
440 26
440 31
440 41
441 3
441 6
441 15
441 22
441 26
441 31
441 41
442 4
442 6
442 15
442 22
442 26
442 31
442 41
443 5
443 6
443 15
443 22
443 26
443 31
443 41
444 0
444 6
444 15
444 22
444 29
444 31
444 38
445 1
445 6
445 15
445 22
445 29
445 31
445 38
446 2
446 6
446 15
446 22
446 29
446 31
446 38
447 3
447 6
447 15
447 22
447 29
447 31
447 38
448 4
448 6
448 15
448 22
448 29
448 31
448 38
449 5
449 6
449 15
449 22
449 29
449 31
449 38
450 0
450 6
450 15
450 22
450 25
450 35
450 38
451 1
451 6
451 15
451 22
451 25
451 35
451 38
452 2
452 6
452 15
452 22
452 25
452 35
452 38
453 3
453 6
453 15
453 22
453 25
453 35
453 38
454 4
454 6
454 15
454 22
454 25
454 35
454 38
455 5
455 6
455 15
455 22
455 25
455 35
455 38
456 0
456 6
456 15
456 22
456 26
456 35
456 37
457 1
457 6
457 15
457 22
457 26
457 35
457 37
458 2
458 6
458 15
458 22
458 26
458 35
458 37
459 3
459 6
459 15
459 22
459 26
459 35
459 37
460 4
460 6
460 15
460 22
460 26
460 35
460 37
461 5
461 6
461 15
461 22
461 26
461 35
461 37
462 0
462 6
462 15
462 22
462 29
462 32
462 37
463 1
463 6
463 15
463 22
463 29
463 32
463 37
464 2
464 6
464 15
464 22
464 29
464 32
464 37
465 3
465 6
465 15
465 22
465 29
465 32
465 37
466 4
466 6
466 15
466 22
466 29
466 32
466 37
467 5
467 6
467 15
467 22
467 29
467 32
467 37
468 0
468 9
468 12
468 22
468 25
468 32
468 41
469 1
469 9
469 12
469 22
469 25
469 32
469 41
470 2
470 9
470 12
470 22
470 25
470 32
470 41
471 3
471 9
471 12
471 22
471 25
471 32
471 41
472 4
472 9
472 12
472 22
472 25
472 32
472 41
473 5
473 9
473 12
473 22
473 25
473 32
473 41
474 0
474 9
474 12
474 22
474 26
474 31
474 41
475 1
475 9
475 12
475 22
475 26
475 31
475 41
476 2
476 9
476 12
476 22
476 26
476 31
476 41
477 3
477 9
477 12
477 22
477 26
477 31
477 41
478 4
478 9
478 12
478 22
478 26
478 31
478 41
479 5
479 9
479 12
479 22
479 26
479 31
479 41
480 0
480 9
480 12
480 22
480 29
480 31
480 38
481 1
481 9
481 12
481 22
481 29
481 31
481 38
482 2
482 9
482 12
482 22
482 29
482 31
482 38
483 3
483 9
483 12
483 22
483 29
483 31
483 38
484 4
484 9
484 12
484 22
484 29
484 31
484 38
485 5
485 9
485 12
485 22
485 29
485 31
485 38
486 0
486 9
486 12
486 22
486 25
486 35
486 38
487 1
487 9
487 12
487 22
487 25
487 35
487 38
488 2
488 9
488 12
488 22
488 25
488 35
488 38
489 3
489 9
489 12
489 22
489 25
489 35
489 38
490 4
490 9
490 12
490 22
490 25
490 35
490 38
491 5
491 9
491 12
491 22
491 25
491 35
491 38
492 0
492 9
492 12
492 22
492 26
492 35
492 37
493 1
493 9
493 12
493 22
493 26
493 35
493 37
494 2
494 9
494 12
494 22
494 26
494 35
494 37
495 3
495 9
495 12
495 22
495 26
495 35
495 37
496 4
496 9
496 12
496 22
496 26
496 35
496 37
497 5
497 9
497 12
497 22
497 26
497 35
497 37
498 0
498 9
498 12
498 22
498 29
498 32
498 37
499 1
499 9
499 12
499 22
499 29
499 32
499 37
500 2
500 9
500 12
500 22
500 29
500 32
500 37
501 3
501 9
501 12
501 22
501 29
501 32
501 37
502 4
502 9
502 12
502 22
502 29
502 32
502 37
503 5
503 9
503 12
503 22
503 29
503 32
503 37
504 0
504 10
504 12
504 21
504 25
504 32
504 41
505 1
505 10
505 12
505 21
505 25
505 32
505 41
506 2
506 10
506 12
506 21
506 25
506 32
506 41
507 3
507 10
507 12
507 21
507 25
507 32
507 41
508 4
508 10
508 12
508 21
508 25
508 32
508 41
509 5
509 10
509 12
509 21
509 25
509 32
509 41
510 0
510 10
510 12
510 21
510 26
510 31
510 41
511 1
511 10
511 12
511 21
511 26
511 31
511 41
512 2
512 10
512 12
512 21
512 26
512 31
512 41
513 3
513 10
513 12
513 21
513 26
513 31
513 41
514 4
514 10
514 12
514 21
514 26
514 31
514 41
515 5
515 10
515 12
515 21
515 26
515 31
515 41
516 0
516 10
516 12
516 21
516 29
516 31
516 38
517 1
517 10
517 12
517 21
517 29
517 31
517 38
518 2
518 10
518 12
518 21
518 29
518 31
518 38
519 3
519 10
519 12
519 21
519 29
519 31
519 38
520 4
520 10
520 12
520 21
520 29
520 31
520 38
521 5
521 10
521 12
521 21
521 29
521 31
521 38
522 0
522 10
522 12
522 21
522 25
522 35
522 38
523 1
523 10
523 12
523 21
523 25
523 35
523 38
524 2
524 10
524 12
524 21
524 25
524 35
524 38
525 3
525 10
525 12
525 21
525 25
525 35
525 38
526 4
526 10
526 12
526 21
526 25
526 35
526 38
527 5
527 10
527 12
527 21
527 25
527 35
527 38
528 0
528 10
528 12
528 21
528 26
528 35
528 37
529 1
529 10
529 12
529 21
529 26
529 35
529 37
530 2
530 10
530 12
530 21
530 26
530 35
530 37
531 3
531 10
531 12
531 21
531 26
531 35
531 37
532 4
532 10
532 12
532 21
532 26
532 35
532 37
533 5
533 10
533 12
533 21
533 26
533 35
533 37
534 0
534 10
534 12
534 21
534 29
534 32
534 37
535 1
535 10
535 12
535 21
535 29
535 32
535 37
536 2
536 10
536 12
536 21
536 29
536 32
536 37
537 3
537 10
537 12
537 21
537 29
537 32
537 37
538 4
538 10
538 12
538 21
538 29
538 32
538 37
539 5
539 10
539 12
539 21
539 29
539 32
539 37
540 0
540 6
540 16
540 21
540 25
540 32
540 41
541 1
541 6
541 16
541 21
541 25
541 32
541 41
542 2
542 6
542 16
542 21
542 25
542 32
542 41
543 3
543 6
543 16
543 21
543 25
543 32
543 41
544 4
544 6
544 16
544 21
544 25
544 32
544 41
545 5
545 6
545 16
545 21
545 25
545 32
545 41
546 0
546 6
546 16
546 21
546 26
546 31
546 41
547 1
547 6
547 16
547 21
547 26
547 31
547 41
548 2
548 6
548 16
548 21
548 26
548 31
548 41
549 3
549 6
549 16
549 21
549 26
549 31
549 41
550 4
550 6
550 16
550 21
550 26
550 31
550 41
551 5
551 6
551 16
551 21
551 26
551 31
551 41
552 0
552 6
552 16
552 21
552 29
552 31
552 38
553 1
553 6
553 16
553 21
553 29
553 31
553 38
554 2
554 6
554 16
554 21
554 29
554 31
554 38
555 3
555 6
555 16
555 21
555 29
555 31
555 38
556 4
556 6
556 16
556 21
556 29
556 31
556 38
557 5
557 6
557 16
557 21
557 29
557 31
557 38
558 0
558 6
558 16
558 21
558 25
558 35
558 38
559 1
559 6
559 16
559 21
559 25
559 35
559 38
560 2
560 6
560 16
560 21
560 25
560 35
560 38
561 3
561 6
561 16
561 21
561 25
561 35
561 38
562 4
562 6
562 16
562 21
562 25
562 35
562 38
563 5
563 6
563 16
563 21
563 25
563 35
563 38
564 0
564 6
564 16
564 21
564 26
564 35
564 37
565 1
565 6
565 16
565 21
565 26
565 35
565 37
566 2
566 6
566 16
566 21
566 26
566 35
566 37
567 3
567 6
567 16
567 21
567 26
567 35
567 37
568 4
568 6
568 16
568 21
568 26
568 35
568 37
569 5
569 6
569 16
569 21
569 26
569 35
569 37
570 0
570 6
570 16
570 21
570 29
570 32
570 37
571 1
571 6
571 16
571 21
571 29
571 32
571 37
572 2
572 6
572 16
572 21
572 29
572 32
572 37
573 3
573 6
573 16
573 21
573 29
573 32
573 37
574 4
574 6
574 16
574 21
574 29
574 32
574 37
575 5
575 6
575 16
575 21
575 29
575 32
575 37
576 0
576 9
576 16
576 18
576 25
576 32
576 41
577 1
577 9
577 16
577 18
577 25
577 32
577 41
578 2
578 9
578 16
578 18
578 25
578 32
578 41
579 3
579 9
579 16
579 18
579 25
579 32
579 41
580 4
580 9
580 16
580 18
580 25
580 32
580 41
581 5
581 9
581 16
581 18
581 25
581 32
581 41
582 0
582 9
582 16
582 18
582 26
582 31
582 41
583 1
583 9
583 16
583 18
583 26
583 31
583 41
584 2
584 9
584 16
584 18
584 26
584 31
584 41
585 3
585 9
585 16
585 18
585 26
585 31
585 41
586 4
586 9
586 16
586 18
586 26
586 31
586 41
587 5
587 9
587 16
587 18
587 26
587 31
587 41
588 0
588 9
588 16
588 18
588 29
588 31
588 38
589 1
589 9
589 16
589 18
589 29
589 31
589 38
590 2
590 9
590 16
590 18
590 29
590 31
590 38
591 3
591 9
591 16
591 18
591 29
591 31
591 38
592 4
592 9
592 16
592 18
592 29
592 31
592 38
593 5
593 9
593 16
593 18
593 29
593 31
593 38
594 0
594 9
594 16
594 18
594 25
594 35
594 38
595 1
595 9
595 16
595 18
595 25
595 35
595 38
596 2
596 9
596 16
596 18
596 25
596 35
596 38
597 3
597 9
597 16
597 18
597 25
597 35
597 38
598 4
598 9
598 16
598 18
598 25
598 35
598 38
599 5
599 9
599 16
599 18
599 25
599 35
599 38
600 0
600 9
600 16
600 18
600 26
600 35
600 37
601 1
601 9
601 16
601 18
601 26
601 35
601 37
602 2
602 9
602 16
602 18
602 26
602 35
602 37
603 3
603 9
603 16
603 18
603 26
603 35
603 37
604 4
604 9
604 16
604 18
604 26
604 35
604 37
605 5
605 9
605 16
605 18
605 26
605 35
605 37
606 0
606 9
606 16
606 18
606 29
606 32
606 37
607 1
607 9
607 16
607 18
607 29
607 32
607 37
608 2
608 9
608 16
608 18
608 29
608 32
608 37
609 3
609 9
609 16
609 18
609 29
609 32
609 37
610 4
610 9
610 16
610 18
610 29
610 32
610 37
611 5
611 9
611 16
611 18
611 29
611 32
611 37
612 0
612 10
612 15
612 18
612 25
612 32
612 41
613 1
613 10
613 15
613 18
613 25
613 32
613 41
614 2
614 10
614 15
614 18
614 25
614 32
614 41
615 3
615 10
615 15
615 18
615 25
615 32
615 41
616 4
616 10
616 15
616 18
616 25
616 32
616 41
617 5
617 10
617 15
617 18
617 25
617 32
617 41
618 0
618 10
618 15
618 18
618 26
618 31
618 41
619 1
619 10
619 15
619 18
619 26
619 31
619 41
620 2
620 10
620 15
620 18
620 26
620 31
620 41
621 3
621 10
621 15
621 18
621 26
621 31
621 41
622 4
622 10
622 15
622 18
622 26
622 31
622 41
623 5
623 10
623 15
623 18
623 26
623 31
623 41
624 0
624 10
624 15
624 18
624 29
624 31
624 38
625 1
625 10
625 15
625 18
625 29
625 31
625 38
626 2
626 10
626 15
626 18
626 29
626 31
626 38
627 3
627 10
627 15
627 18
627 29
627 31
627 38
628 4
628 10
628 15
628 18
628 29
628 31
628 38
629 5
629 10
629 15
629 18
629 29
629 31
629 38
630 0
630 10
630 15
630 18
630 25
630 35
630 38
631 1
631 10
631 15
631 18
631 25
631 35
631 38
632 2
632 10
632 15
632 18
632 25
632 35
632 38
633 3
633 10
633 15
633 18
633 25
633 35
633 38
634 4
634 10
634 15
634 18
634 25
634 35
634 38
635 5
635 10
635 15
635 18
635 25
635 35
635 38
636 0
636 10
636 15
636 18
636 26
636 35
636 37
637 1
637 10
637 15
637 18
637 26
637 35
637 37
638 2
638 10
638 15
638 18
638 26
638 35
638 37
639 3
639 10
639 15
639 18
639 26
639 35
639 37
640 4
640 10
640 15
640 18
640 26
640 35
640 37
641 5
641 10
641 15
641 18
641 26
641 35
641 37
642 0
642 10
642 15
642 18
642 29
642 32
642 37
643 1
643 10
643 15
643 18
643 29
643 32
643 37
644 2
644 10
644 15
644 18
644 29
644 32
644 37
645 3
645 10
645 15
645 18
645 29
645 32
645 37
646 4
646 10
646 15
646 18
646 29
646 32
646 37
647 5
647 10
647 15
647 18
647 29
647 32
647 37
648 0
648 6
648 15
648 23
648 25
648 32
648 40
649 1
649 6
649 15
649 23
649 25
649 32
649 40
650 2
650 6
650 15
650 23
650 25
650 32
650 40
651 3
651 6
651 15
651 23
651 25
651 32
651 40
652 4
652 6
652 15
652 23
652 25
652 32
652 40
653 5
653 6
653 15
653 23
653 25
653 32
653 40
654 0
654 6
654 15
654 23
654 26
654 31
654 40
655 1
655 6
655 15
655 23
655 26
655 31
655 40
656 2
656 6
656 15
656 23
656 26
656 31
656 40
657 3
657 6
657 15
657 23
657 26
657 31
657 40
658 4
658 6
658 15
658 23
658 26
658 31
658 40
659 5
659 6
659 15
659 23
659 26
659 31
659 40
660 0
660 6
660 15
660 23
660 28
660 31
660 38
661 1
661 6
661 15
661 23
661 28
661 31
661 38
662 2
662 6
662 15
662 23
662 28
662 31
662 38
663 3
663 6
663 15
663 23
663 28
663 31
663 38
664 4
664 6
664 15
664 23
664 28
664 31
664 38
665 5
665 6
665 15
665 23
665 28
665 31
665 38
666 0
666 6
666 15
666 23
666 25
666 34
666 38
667 1
667 6
667 15
667 23
667 25
667 34
667 38
668 2
668 6
668 15
668 23
668 25
668 34
668 38
669 3
669 6
669 15
669 23
669 25
669 34
669 38
670 4
670 6
670 15
670 23
670 25
670 34
670 38
671 5
671 6
671 15
671 23
671 25
671 34
671 38
672 0
672 6
672 15
672 23
672 26
672 34
672 37
673 1
673 6
673 15
673 23
673 26
673 34
673 37
674 2
674 6
674 15
674 23
674 26
674 34
674 37
675 3
675 6
675 15
675 23
675 26
675 34
675 37
676 4
676 6
676 15
676 23
676 26
676 34
676 37
677 5
677 6
677 15
677 23
677 26
677 34
677 37
678 0
678 6
678 15
678 23
678 28
678 32
678 37
679 1
679 6
679 15
679 23
679 28
679 32
679 37
680 2
680 6
680 15
680 23
680 28
680 32
680 37
681 3
681 6
681 15
681 23
681 28
681 32
681 37
682 4
682 6
682 15
682 23
682 28
682 32
682 37
683 5
683 6
683 15
683 23
683 28
683 32
683 37
684 0
684 9
684 12
684 23
684 25
684 32
684 40
685 1
685 9
685 12
685 23
685 25
685 32
685 40
686 2
686 9
686 12
686 23
686 25
686 32
686 40
687 3
687 9
687 12
687 23
687 25
687 32
687 40
688 4
688 9
688 12
688 23
688 25
688 32
688 40
689 5
689 9
689 12
689 23
689 25
689 32
689 40
690 0
690 9
690 12
690 23
690 26
690 31
690 40
691 1
691 9
691 12
691 23
691 26
691 31
691 40
692 2
692 9
692 12
692 23
692 26
692 31
692 40
693 3
693 9
693 12
693 23
693 26
693 31
693 40
694 4
694 9
694 12
694 23
694 26
694 31
694 40
695 5
695 9
695 12
695 23
695 26
695 31
695 40
696 0
696 9
696 12
696 23
696 28
696 31
696 38
697 1
697 9
697 12
697 23
697 28
697 31
697 38
698 2
698 9
698 12
698 23
698 28
698 31
698 38
699 3
699 9
699 12
699 23
699 28
699 31
699 38
700 4
700 9
700 12
700 23
700 28
700 31
700 38
701 5
701 9
701 12
701 23
701 28
701 31
701 38
702 0
702 9
702 12
702 23
702 25
702 34
702 38
703 1
703 9
703 12
703 23
703 25
703 34
703 38
704 2
704 9
704 12
704 23
704 25
704 34
704 38
705 3
705 9
705 12
705 23
705 25
705 34
705 38
706 4
706 9
706 12
706 23
706 25
706 34
706 38
707 5
707 9
707 12
707 23
707 25
707 34
707 38
708 0
708 9
708 12
708 23
708 26
708 34
708 37
709 1
709 9
709 12
709 23
709 26
709 34
709 37
710 2
710 9
710 12
710 23
710 26
710 34
710 37
711 3
711 9
711 12
711 23
711 26
711 34
711 37
712 4
712 9
712 12
712 23
712 26
712 34
712 37
713 5
713 9
713 12
713 23
713 26
713 34
713 37
714 0
714 9
714 12
714 23
714 28
714 32
714 37
715 1
715 9
715 12
715 23
715 28
715 32
715 37
716 2
716 9
716 12
716 23
716 28
716 32
716 37
717 3
717 9
717 12
717 23
717 28
717 32
717 37
718 4
718 9
718 12
718 23
718 28
718 32
718 37
719 5
719 9
719 12
719 23
719 28
719 32
719 37
720 0
720 11
720 12
720 21
720 25
720 32
720 40
721 1
721 11
721 12
721 21
721 25
721 32
721 40
722 2
722 11
722 12
722 21
722 25
722 32
722 40
723 3
723 11
723 12
723 21
723 25
723 32
723 40
724 4
724 11
724 12
724 21
724 25
724 32
724 40
725 5
725 11
725 12
725 21
725 25
725 32
725 40
726 0
726 11
726 12
726 21
726 26
726 31
726 40
727 1
727 11
727 12
727 21
727 26
727 31
727 40
728 2
728 11
728 12
728 21
728 26
728 31
728 40
729 3
729 11
729 12
729 21
729 26
729 31
729 40
730 4
730 11
730 12
730 21
730 26
730 31
730 40
731 5
731 11
731 12
731 21
731 26
731 31
731 40
732 0
732 11
732 12
732 21
732 28
732 31
732 38
733 1
733 11
733 12
733 21
733 28
733 31
733 38
734 2
734 11
734 12
734 21
734 28
734 31
734 38
735 3
735 11
735 12
735 21
735 28
735 31
735 38
736 4
736 11
736 12
736 21
736 28
736 31
736 38
737 5
737 11
737 12
737 21
737 28
737 31
737 38
738 0
738 11
738 12
738 21
738 25
738 34
738 38
739 1
739 11
739 12
739 21
739 25
739 34
739 38
740 2
740 11
740 12
740 21
740 25
740 34
740 38
741 3
741 11
741 12
741 21
741 25
741 34
741 38
742 4
742 11
742 12
742 21
742 25
742 34
742 38
743 5
743 11
743 12
743 21
743 25
743 34
743 38
744 0
744 11
744 12
744 21
744 26
744 34
744 37
745 1
745 11
745 12
745 21
745 26
745 34
745 37
746 2
746 11
746 12
746 21
746 26
746 34
746 37
747 3
747 11
747 12
747 21
747 26
747 34
747 37
748 4
748 11
748 12
748 21
748 26
748 34
748 37
749 5
749 11
749 12
749 21
749 26
749 34
749 37
750 0
750 11
750 12
750 21
750 28
750 32
750 37
751 1
751 11
751 12
751 21
751 28
751 32
751 37
752 2
752 11
752 12
752 21
752 28
752 32
752 37
753 3
753 11
753 12
753 21
753 28
753 32
753 37
754 4
754 11
754 12
754 21
754 28
754 32
754 37
755 5
755 11
755 12
755 21
755 28
755 32
755 37
756 0
756 6
756 17
756 21
756 25
756 32
756 40
757 1
757 6
757 17
757 21
757 25
757 32
757 40
758 2
758 6
758 17
758 21
758 25
758 32
758 40
759 3
759 6
759 17
759 21
759 25
759 32
759 40
760 4
760 6
760 17
760 21
760 25
760 32
760 40
761 5
761 6
761 17
761 21
761 25
761 32
761 40
762 0
762 6
762 17
762 21
762 26
762 31
762 40
763 1
763 6
763 17
763 21
763 26
763 31
763 40
764 2
764 6
764 17
764 21
764 26
764 31
764 40
765 3
765 6
765 17
765 21
765 26
765 31
765 40
766 4
766 6
766 17
766 21
766 26
766 31
766 40
767 5
767 6
767 17
767 21
767 26
767 31
767 40
768 0
768 6
768 17
768 21
768 28
768 31
768 38
769 1
769 6
769 17
769 21
769 28
769 31
769 38
770 2
770 6
770 17
770 21
770 28
770 31
770 38
771 3
771 6
771 17
771 21
771 28
771 31
771 38
772 4
772 6
772 17
772 21
772 28
772 31
772 38
773 5
773 6
773 17
773 21
773 28
773 31
773 38
774 0
774 6
774 17
774 21
774 25
774 34
774 38
775 1
775 6
775 17
775 21
775 25
775 34
775 38
776 2
776 6
776 17
776 21
776 25
776 34
776 38
777 3
777 6
777 17
777 21
777 25
777 34
777 38
778 4
778 6
778 17
778 21
778 25
778 34
778 38
779 5
779 6
779 17
779 21
779 25
779 34
779 38
780 0
780 6
780 17
780 21
780 26
780 34
780 37
781 1
781 6
781 17
781 21
781 26
781 34
781 37
782 2
782 6
782 17
782 21
782 26
782 34
782 37
783 3
783 6
783 17
783 21
783 26
783 34
783 37
784 4
784 6
784 17
784 21
784 26
784 34
784 37
785 5
785 6
785 17
785 21
785 26
785 34
785 37
786 0
786 6
786 17
786 21
786 28
786 32
786 37
787 1
787 6
787 17
787 21
787 28
787 32
787 37
788 2
788 6
788 17
788 21
788 28
788 32
788 37
789 3
789 6
789 17
789 21
789 28
789 32
789 37
790 4
790 6
790 17
790 21
790 28
790 32
790 37
791 5
791 6
791 17
791 21
791 28
791 32
791 37
792 0
792 9
792 17
792 18
792 25
792 32
792 40
793 1
793 9
793 17
793 18
793 25
793 32
793 40
794 2
794 9
794 17
794 18
794 25
794 32
794 40
795 3
795 9
795 17
795 18
795 25
795 32
795 40
796 4
796 9
796 17
796 18
796 25
796 32
796 40
797 5
797 9
797 17
797 18
797 25
797 32
797 40
798 0
798 9
798 17
798 18
798 26
798 31
798 40
799 1
799 9
799 17
799 18
799 26
799 31
799 40
800 2
800 9
800 17
800 18
800 26
800 31
800 40
801 3
801 9
801 17
801 18
801 26
801 31
801 40
802 4
802 9
802 17
802 18
802 26
802 31
802 40
803 5
803 9
803 17
803 18
803 26
803 31
803 40
804 0
804 9
804 17
804 18
804 28
804 31
804 38
805 1
805 9
805 17
805 18
805 28
805 31
805 38
806 2
806 9
806 17
806 18
806 28
806 31
806 38
807 3
807 9
807 17
807 18
807 28
807 31
807 38
808 4
808 9
808 17
808 18
808 28
808 31
808 38
809 5
809 9
809 17
809 18
809 28
809 31
809 38
810 0
810 9
810 17
810 18
810 25
810 34
810 38
811 1
811 9
811 17
811 18
811 25
811 34
811 38
812 2
812 9
812 17
812 18
812 25
812 34
812 38
813 3
813 9
813 17
813 18
813 25
813 34
813 38
814 4
814 9
814 17
814 18
814 25
814 34
814 38
815 5
815 9
815 17
815 18
815 25
815 34
815 38
816 0
816 9
816 17
816 18
816 26
816 34
816 37
817 1
817 9
817 17
817 18
817 26
817 34
817 37
818 2
818 9
818 17
818 18
818 26
818 34
818 37
819 3
819 9
819 17
819 18
819 26
819 34
819 37
820 4
820 9
820 17
820 18
820 26
820 34
820 37
821 5
821 9
821 17
821 18
821 26
821 34
821 37
822 0
822 9
822 17
822 18
822 28
822 32
822 37
823 1
823 9
823 17
823 18
823 28
823 32
823 37
824 2
824 9
824 17
824 18
824 28
824 32
824 37
825 3
825 9
825 17
825 18
825 28
825 32
825 37
826 4
826 9
826 17
826 18
826 28
826 32
826 37
827 5
827 9
827 17
827 18
827 28
827 32
827 37
828 0
828 11
828 15
828 18
828 25
828 32
828 40
829 1
829 11
829 15
829 18
829 25
829 32
829 40
830 2
830 11
830 15
830 18
830 25
830 32
830 40
831 3
831 11
831 15
831 18
831 25
831 32
831 40
832 4
832 11
832 15
832 18
832 25
832 32
832 40
833 5
833 11
833 15
833 18
833 25
833 32
833 40
834 0
834 11
834 15
834 18
834 26
834 31
834 40
835 1
835 11
835 15
835 18
835 26
835 31
835 40
836 2
836 11
836 15
836 18
836 26
836 31
836 40
837 3
837 11
837 15
837 18
837 26
837 31
837 40
838 4
838 11
838 15
838 18
838 26
838 31
838 40
839 5
839 11
839 15
839 18
839 26
839 31
839 40
840 0
840 11
840 15
840 18
840 28
840 31
840 38
841 1
841 11
841 15
841 18
841 28
841 31
841 38
842 2
842 11
842 15
842 18
842 28
842 31
842 38
843 3
843 11
843 15
843 18
843 28
843 31
843 38
844 4
844 11
844 15
844 18
844 28
844 31
844 38
845 5
845 11
845 15
845 18
845 28
845 31
845 38
846 0
846 11
846 15
846 18
846 25
846 34
846 38
847 1
847 11
847 15
847 18
847 25
847 34
847 38
848 2
848 11
848 15
848 18
848 25
848 34
848 38
849 3
849 11
849 15
849 18
849 25
849 34
849 38
850 4
850 11
850 15
850 18
850 25
850 34
850 38
851 5
851 11
851 15
851 18
851 25
851 34
851 38
852 0
852 11
852 15
852 18
852 26
852 34
852 37
853 1
853 11
853 15
853 18
853 26
853 34
853 37
854 2
854 11
854 15
854 18
854 26
854 34
854 37
855 3
855 11
855 15
855 18
855 26
855 34
855 37
856 4
856 11
856 15
856 18
856 26
856 34
856 37
857 5
857 11
857 15
857 18
857 26
857 34
857 37
858 0
858 11
858 15
858 18
858 28
858 32
858 37
859 1
859 11
859 15
859 18
859 28
859 32
859 37
860 2
860 11
860 15
860 18
860 28
860 32
860 37
861 3
861 11
861 15
861 18
861 28
861 32
861 37
862 4
862 11
862 15
862 18
862 28
862 32
862 37
863 5
863 11
863 15
863 18
863 28
863 32
863 37
864 0
864 7
864 14
864 22
864 24
864 33
864 41
865 1
865 7
865 14
865 22
865 24
865 33
865 41
866 2
866 7
866 14
866 22
866 24
866 33
866 41
867 3
867 7
867 14
867 22
867 24
867 33
867 41
868 4
868 7
868 14
868 22
868 24
868 33
868 41
869 5
869 7
869 14
869 22
869 24
869 33
869 41
870 0
870 7
870 14
870 22
870 27
870 30
870 41
871 1
871 7
871 14
871 22
871 27
871 30
871 41
872 2
872 7
872 14
872 22
872 27
872 30
872 41
873 3
873 7
873 14
873 22
873 27
873 30
873 41
874 4
874 7
874 14
874 22
874 27
874 30
874 41
875 5
875 7
875 14
875 22
875 27
875 30
875 41
876 0
876 7
876 14
876 22
876 29
876 30
876 39
877 1
877 7
877 14
877 22
877 29
877 30
877 39
878 2
878 7
878 14
878 22
878 29
878 30
878 39
879 3
879 7
879 14
879 22
879 29
879 30
879 39
880 4
880 7
880 14
880 22
880 29
880 30
880 39
881 5
881 7
881 14
881 22
881 29
881 30
881 39
882 0
882 7
882 14
882 22
882 24
882 35
882 39
883 1
883 7
883 14
883 22
883 24
883 35
883 39
884 2
884 7
884 14
884 22
884 24
884 35
884 39
885 3
885 7
885 14
885 22
885 24
885 35
885 39
886 4
886 7
886 14
886 22
886 24
886 35
886 39
887 5
887 7
887 14
887 22
887 24
887 35
887 39
888 0
888 7
888 14
888 22
888 27
888 35
888 36
889 1
889 7
889 14
889 22
889 27
889 35
889 36
890 2
890 7
890 14
890 22
890 27
890 35
890 36
891 3
891 7
891 14
891 22
891 27
891 35
891 36
892 4
892 7
892 14
892 22
892 27
892 35
892 36
893 5
893 7
893 14
893 22
893 27
893 35
893 36
894 0
894 7
894 14
894 22
894 29
894 33
894 36
895 1
895 7
895 14
895 22
895 29
895 33
895 36
896 2
896 7
896 14
896 22
896 29
896 33
896 36
897 3
897 7
897 14
897 22
897 29
897 33
897 36
898 4
898 7
898 14
898 22
898 29
898 33
898 36
899 5
899 7
899 14
899 22
899 29
899 33
899 36
900 0
900 8
900 13
900 22
900 24
900 33
900 41
901 1
901 8
901 13
901 22
901 24
901 33
901 41
902 2
902 8
902 13
902 22
902 24
902 33
902 41
903 3
903 8
903 13
903 22
903 24
903 33
903 41
904 4
904 8
904 13
904 22
904 24
904 33
904 41
905 5
905 8
905 13
905 22
905 24
905 33
905 41
906 0
906 8
906 13
906 22
906 27
906 30
906 41
907 1
907 8
907 13
907 22
907 27
907 30
907 41
908 2
908 8
908 13
908 22
908 27
908 30
908 41
909 3
909 8
909 13
909 22
909 27
909 30
909 41
910 4
910 8
910 13
910 22
910 27
910 30
910 41
911 5
911 8
911 13
911 22
911 27
911 30
911 41
912 0
912 8
912 13
912 22
912 29
912 30
912 39
913 1
913 8
913 13
913 22
913 29
913 30
913 39
914 2
914 8
914 13
914 22
914 29
914 30
914 39
915 3
915 8
915 13
915 22
915 29
915 30
915 39
916 4
916 8
916 13
916 22
916 29
916 30
916 39
917 5
917 8
917 13
917 22
917 29
917 30
917 39
918 0
918 8
918 13
918 22
918 24
918 35
918 39
919 1
919 8
919 13
919 22
919 24
919 35
919 39
920 2
920 8
920 13
920 22
920 24
920 35
920 39
921 3
921 8
921 13
921 22
921 24
921 35
921 39
922 4
922 8
922 13
922 22
922 24
922 35
922 39
923 5
923 8
923 13
923 22
923 24
923 35
923 39
924 0
924 8
924 13
924 22
924 27
924 35
924 36
925 1
925 8
925 13
925 22
925 27
925 35
925 36
926 2
926 8
926 13
926 22
926 27
926 35
926 36
927 3
927 8
927 13
927 22
927 27
927 35
927 36
928 4
928 8
928 13
928 22
928 27
928 35
928 36
929 5
929 8
929 13
929 22
929 27
929 35
929 36
930 0
930 8
930 13
930 22
930 29
930 33
930 36
931 1
931 8
931 13
931 22
931 29
931 33
931 36
932 2
932 8
932 13
932 22
932 29
932 33
932 36
933 3
933 8
933 13
933 22
933 29
933 33
933 36
934 4
934 8
934 13
934 22
934 29
934 33
934 36
935 5
935 8
935 13
935 22
935 29
935 33
935 36
936 0
936 10
936 13
936 20
936 24
936 33
936 41
937 1
937 10
937 13
937 20
937 24
937 33
937 41
938 2
938 10
938 13
938 20
938 24
938 33
938 41
939 3
939 10
939 13
939 20
939 24
939 33
939 41
940 4
940 10
940 13
940 20
940 24
940 33
940 41
941 5
941 10
941 13
941 20
941 24
941 33
941 41
942 0
942 10
942 13
942 20
942 27
942 30
942 41
943 1
943 10
943 13
943 20
943 27
943 30
943 41
944 2
944 10
944 13
944 20
944 27
944 30
944 41
945 3
945 10
945 13
945 20
945 27
945 30
945 41
946 4
946 10
946 13
946 20
946 27
946 30
946 41
947 5
947 10
947 13
947 20
947 27
947 30
947 41
948 0
948 10
948 13
948 20
948 29
948 30
948 39
949 1
949 10
949 13
949 20
949 29
949 30
949 39
950 2
950 10
950 13
950 20
950 29
950 30
950 39
951 3
951 10
951 13
951 20
951 29
951 30
951 39
952 4
952 10
952 13
952 20
952 29
952 30
952 39
953 5
953 10
953 13
953 20
953 29
953 30
953 39
954 0
954 10
954 13
954 20
954 24
954 35
954 39
955 1
955 10
955 13
955 20
955 24
955 35
955 39
956 2
956 10
956 13
956 20
956 24
956 35
956 39
957 3
957 10
957 13
957 20
957 24
957 35
957 39
958 4
958 10
958 13
958 20
958 24
958 35
958 39
959 5
959 10
959 13
959 20
959 24
959 35
959 39
960 0
960 10
960 13
960 20
960 27
960 35
960 36
961 1
961 10
961 13
961 20
961 27
961 35
961 36
962 2
962 10
962 13
962 20
962 27
962 35
962 36
963 3
963 10
963 13
963 20
963 27
963 35
963 36
964 4
964 10
964 13
964 20
964 27
964 35
964 36
965 5
965 10
965 13
965 20
965 27
965 35
965 36
966 0
966 10
966 13
966 20
966 29
966 33
966 36
967 1
967 10
967 13
967 20
967 29
967 33
967 36
968 2
968 10
968 13
968 20
968 29
968 33
968 36
969 3
969 10
969 13
969 20
969 29
969 33
969 36
970 4
970 10
970 13
970 20
970 29
970 33
970 36
971 5
971 10
971 13
971 20
971 29
971 33
971 36
972 0
972 7
972 16
972 20
972 24
972 33
972 41
973 1
973 7
973 16
973 20
973 24
973 33
973 41
974 2
974 7
974 16
974 20
974 24
974 33
974 41
975 3
975 7
975 16
975 20
975 24
975 33
975 41
976 4
976 7
976 16
976 20
976 24
976 33
976 41
977 5
977 7
977 16
977 20
977 24
977 33
977 41
978 0
978 7
978 16
978 20
978 27
978 30
978 41
979 1
979 7
979 16
979 20
979 27
979 30
979 41
980 2
980 7
980 16
980 20
980 27
980 30
980 41
981 3
981 7
981 16
981 20
981 27
981 30
981 41
982 4
982 7
982 16
982 20
982 27
982 30
982 41
983 5
983 7
983 16
983 20
983 27
983 30
983 41
984 0
984 7
984 16
984 20
984 29
984 30
984 39
985 1
985 7
985 16
985 20
985 29
985 30
985 39
986 2
986 7
986 16
986 20
986 29
986 30
986 39
987 3
987 7
987 16
987 20
987 29
987 30
987 39
988 4
988 7
988 16
988 20
988 29
988 30
988 39
989 5
989 7
989 16
989 20
989 29
989 30
989 39
990 0
990 7
990 16
990 20
990 24
990 35
990 39
991 1
991 7
991 16
991 20
991 24
991 35
991 39
992 2
992 7
992 16
992 20
992 24
992 35
992 39
993 3
993 7
993 16
993 20
993 24
993 35
993 39
994 4
994 7
994 16
994 20
994 24
994 35
994 39
995 5
995 7
995 16
995 20
995 24
995 35
995 39
996 0
996 7
996 16
996 20
996 27
996 35
996 36
997 1
997 7
997 16
997 20
997 27
997 35
997 36
998 2
998 7
998 16
998 20
998 27
998 35
998 36
999 3
999 7
999 16
999 20
999 27
999 35
999 36
1000 4
1000 7
1000 16
1000 20
1000 27
1000 35
1000 36
1001 5
1001 7
1001 16
1001 20
1001 27
1001 35
1001 36
1002 0
1002 7
1002 16
1002 20
1002 29
1002 33
1002 36
1003 1
1003 7
1003 16
1003 20
1003 29
1003 33
1003 36
1004 2
1004 7
1004 16
1004 20
1004 29
1004 33
1004 36
1005 3
1005 7
1005 16
1005 20
1005 29
1005 33
1005 36
1006 4
1006 7
1006 16
1006 20
1006 29
1006 33
1006 36
1007 5
1007 7
1007 16
1007 20
1007 29
1007 33
1007 36
1008 0
1008 8
1008 16
1008 19
1008 24
1008 33
1008 41
1009 1
1009 8
1009 16
1009 19
1009 24
1009 33
1009 41
1010 2
1010 8
1010 16
1010 19
1010 24
1010 33
1010 41
1011 3
1011 8
1011 16
1011 19
1011 24
1011 33
1011 41
1012 4
1012 8
1012 16
1012 19
1012 24
1012 33
1012 41
1013 5
1013 8
1013 16
1013 19
1013 24
1013 33
1013 41
1014 0
1014 8
1014 16
1014 19
1014 27
1014 30
1014 41
1015 1
1015 8
1015 16
1015 19
1015 27
1015 30
1015 41
1016 2
1016 8
1016 16
1016 19
1016 27
1016 30
1016 41
1017 3
1017 8
1017 16
1017 19
1017 27
1017 30
1017 41
1018 4
1018 8
1018 16
1018 19
1018 27
1018 30
1018 41
1019 5
1019 8
1019 16
1019 19
1019 27
1019 30
1019 41
1020 0
1020 8
1020 16
1020 19
1020 29
1020 30
1020 39
1021 1
1021 8
1021 16
1021 19
1021 29
1021 30
1021 39
1022 2
1022 8
1022 16
1022 19
1022 29
1022 30
1022 39
1023 3
1023 8
1023 16
1023 19
1023 29
1023 30
1023 39
1024 4
1024 8
1024 16
1024 19
1024 29
1024 30
1024 39
1025 5
1025 8
1025 16
1025 19
1025 29
1025 30
1025 39
1026 0
1026 8
1026 16
1026 19
1026 24
1026 35
1026 39
1027 1
1027 8
1027 16
1027 19
1027 24
1027 35
1027 39
1028 2
1028 8
1028 16
1028 19
1028 24
1028 35
1028 39
1029 3
1029 8
1029 16
1029 19
1029 24
1029 35
1029 39
1030 4
1030 8
1030 16
1030 19
1030 24
1030 35
1030 39
1031 5
1031 8
1031 16
1031 19
1031 24
1031 35
1031 39
1032 0
1032 8
1032 16
1032 19
1032 27
1032 35
1032 36
1033 1
1033 8
1033 16
1033 19
1033 27
1033 35
1033 36
1034 2
1034 8
1034 16
1034 19
1034 27
1034 35
1034 36
1035 3
1035 8
1035 16
1035 19
1035 27
1035 35
1035 36
1036 4
1036 8
1036 16
1036 19
1036 27
1036 35
1036 36
1037 5
1037 8
1037 16
1037 19
1037 27
1037 35
1037 36
1038 0
1038 8
1038 16
1038 19
1038 29
1038 33
1038 36
1039 1
1039 8
1039 16
1039 19
1039 29
1039 33
1039 36
1040 2
1040 8
1040 16
1040 19
1040 29
1040 33
1040 36
1041 3
1041 8
1041 16
1041 19
1041 29
1041 33
1041 36
1042 4
1042 8
1042 16
1042 19
1042 29
1042 33
1042 36
1043 5
1043 8
1043 16
1043 19
1043 29
1043 33
1043 36
1044 0
1044 10
1044 14
1044 19
1044 24
1044 33
1044 41
1045 1
1045 10
1045 14
1045 19
1045 24
1045 33
1045 41
1046 2
1046 10
1046 14
1046 19
1046 24
1046 33
1046 41
1047 3
1047 10
1047 14
1047 19
1047 24
1047 33
1047 41
1048 4
1048 10
1048 14
1048 19
1048 24
1048 33
1048 41
1049 5
1049 10
1049 14
1049 19
1049 24
1049 33
1049 41
1050 0
1050 10
1050 14
1050 19
1050 27
1050 30
1050 41
1051 1
1051 10
1051 14
1051 19
1051 27
1051 30
1051 41
1052 2
1052 10
1052 14
1052 19
1052 27
1052 30
1052 41
1053 3
1053 10
1053 14
1053 19
1053 27
1053 30
1053 41
1054 4
1054 10
1054 14
1054 19
1054 27
1054 30
1054 41
1055 5
1055 10
1055 14
1055 19
1055 27
1055 30
1055 41
1056 0
1056 10
1056 14
1056 19
1056 29
1056 30
1056 39
1057 1
1057 10
1057 14
1057 19
1057 29
1057 30
1057 39
1058 2
1058 10
1058 14
1058 19
1058 29
1058 30
1058 39
1059 3
1059 10
1059 14
1059 19
1059 29
1059 30
1059 39
1060 4
1060 10
1060 14
1060 19
1060 29
1060 30
1060 39
1061 5
1061 10
1061 14
1061 19
1061 29
1061 30
1061 39
1062 0
1062 10
1062 14
1062 19
1062 24
1062 35
1062 39
1063 1
1063 10
1063 14
1063 19
1063 24
1063 35
1063 39
1064 2
1064 10
1064 14
1064 19
1064 24
1064 35
1064 39
1065 3
1065 10
1065 14
1065 19
1065 24
1065 35
1065 39
1066 4
1066 10
1066 14
1066 19
1066 24
1066 35
1066 39
1067 5
1067 10
1067 14
1067 19
1067 24
1067 35
1067 39
1068 0
1068 10
1068 14
1068 19
1068 27
1068 35
1068 36
1069 1
1069 10
1069 14
1069 19
1069 27
1069 35
1069 36
1070 2
1070 10
1070 14
1070 19
1070 27
1070 35
1070 36
1071 3
1071 10
1071 14
1071 19
1071 27
1071 35
1071 36
1072 4
1072 10
1072 14
1072 19
1072 27
1072 35
1072 36
1073 5
1073 10
1073 14
1073 19
1073 27
1073 35
1073 36
1074 0
1074 10
1074 14
1074 19
1074 29
1074 33
1074 36
1075 1
1075 10
1075 14
1075 19
1075 29
1075 33
1075 36
1076 2
1076 10
1076 14
1076 19
1076 29
1076 33
1076 36
1077 3
1077 10
1077 14
1077 19
1077 29
1077 33
1077 36
1078 4
1078 10
1078 14
1078 19
1078 29
1078 33
1078 36
1079 5
1079 10
1079 14
1079 19
1079 29
1079 33
1079 36
1080 0
1080 7
1080 14
1080 23
1080 24
1080 33
1080 40
1081 1
1081 7
1081 14
1081 23
1081 24
1081 33
1081 40
1082 2
1082 7
1082 14
1082 23
1082 24
1082 33
1082 40
1083 3
1083 7
1083 14
1083 23
1083 24
1083 33
1083 40
1084 4
1084 7
1084 14
1084 23
1084 24
1084 33
1084 40
1085 5
1085 7
1085 14
1085 23
1085 24
1085 33
1085 40
1086 0
1086 7
1086 14
1086 23
1086 27
1086 30
1086 40
1087 1
1087 7
1087 14
1087 23
1087 27
1087 30
1087 40
1088 2
1088 7
1088 14
1088 23
1088 27
1088 30
1088 40
1089 3
1089 7
1089 14
1089 23
1089 27
1089 30
1089 40
1090 4
1090 7
1090 14
1090 23
1090 27
1090 30
1090 40
1091 5
1091 7
1091 14
1091 23
1091 27
1091 30
1091 40
1092 0
1092 7
1092 14
1092 23
1092 28
1092 30
1092 39
1093 1
1093 7
1093 14
1093 23
1093 28
1093 30
1093 39
1094 2
1094 7
1094 14
1094 23
1094 28
1094 30
1094 39
1095 3
1095 7
1095 14
1095 23
1095 28
1095 30
1095 39
1096 4
1096 7
1096 14
1096 23
1096 28
1096 30
1096 39
1097 5
1097 7
1097 14
1097 23
1097 28
1097 30
1097 39
1098 0
1098 7
1098 14
1098 23
1098 24
1098 34
1098 39
1099 1
1099 7
1099 14
1099 23
1099 24
1099 34
1099 39
1100 2
1100 7
1100 14
1100 23
1100 24
1100 34
1100 39
1101 3
1101 7
1101 14
1101 23
1101 24
1101 34
1101 39
1102 4
1102 7
1102 14
1102 23
1102 24
1102 34
1102 39
1103 5
1103 7
1103 14
1103 23
1103 24
1103 34
1103 39
1104 0
1104 7
1104 14
1104 23
1104 27
1104 34
1104 36
1105 1
1105 7
1105 14
1105 23
1105 27
1105 34
1105 36
1106 2
1106 7
1106 14
1106 23
1106 27
1106 34
1106 36
1107 3
1107 7
1107 14
1107 23
1107 27
1107 34
1107 36
1108 4
1108 7
1108 14
1108 23
1108 27
1108 34
1108 36
1109 5
1109 7
1109 14
1109 23
1109 27
1109 34
1109 36
1110 0
1110 7
1110 14
1110 23
1110 28
1110 33
1110 36
1111 1
1111 7
1111 14
1111 23
1111 28
1111 33
1111 36
1112 2
1112 7
1112 14
1112 23
1112 28
1112 33
1112 36
1113 3
1113 7
1113 14
1113 23
1113 28
1113 33
1113 36
1114 4
1114 7
1114 14
1114 23
1114 28
1114 33
1114 36
1115 5
1115 7
1115 14
1115 23
1115 28
1115 33
1115 36
1116 0
1116 8
1116 13
1116 23
1116 24
1116 33
1116 40
1117 1
1117 8
1117 13
1117 23
1117 24
1117 33
1117 40
1118 2
1118 8
1118 13
1118 23
1118 24
1118 33
1118 40
1119 3
1119 8
1119 13
1119 23
1119 24
1119 33
1119 40
1120 4
1120 8
1120 13
1120 23
1120 24
1120 33
1120 40
1121 5
1121 8
1121 13
1121 23
1121 24
1121 33
1121 40
1122 0
1122 8
1122 13
1122 23
1122 27
1122 30
1122 40
1123 1
1123 8
1123 13
1123 23
1123 27
1123 30
1123 40
1124 2
1124 8
1124 13
1124 23
1124 27
1124 30
1124 40
1125 3
1125 8
1125 13
1125 23
1125 27
1125 30
1125 40
1126 4
1126 8
1126 13
1126 23
1126 27
1126 30
1126 40
1127 5
1127 8
1127 13
1127 23
1127 27
1127 30
1127 40
1128 0
1128 8
1128 13
1128 23
1128 28
1128 30
1128 39
1129 1
1129 8
1129 13
1129 23
1129 28
1129 30
1129 39
1130 2
1130 8
1130 13
1130 23
1130 28
1130 30
1130 39
1131 3
1131 8
1131 13
1131 23
1131 28
1131 30
1131 39
1132 4
1132 8
1132 13
1132 23
1132 28
1132 30
1132 39
1133 5
1133 8
1133 13
1133 23
1133 28
1133 30
1133 39
1134 0
1134 8
1134 13
1134 23
1134 24
1134 34
1134 39
1135 1
1135 8
1135 13
1135 23
1135 24
1135 34
1135 39
1136 2
1136 8
1136 13
1136 23
1136 24
1136 34
1136 39
1137 3
1137 8
1137 13
1137 23
1137 24
1137 34
1137 39
1138 4
1138 8
1138 13
1138 23
1138 24
1138 34
1138 39
1139 5
1139 8
1139 13
1139 23
1139 24
1139 34
1139 39
1140 0
1140 8
1140 13
1140 23
1140 27
1140 34
1140 36
1141 1
1141 8
1141 13
1141 23
1141 27
1141 34
1141 36
1142 2
1142 8
1142 13
1142 23
1142 27
1142 34
1142 36
1143 3
1143 8
1143 13
1143 23
1143 27
1143 34
1143 36
1144 4
1144 8
1144 13
1144 23
1144 27
1144 34
1144 36
1145 5
1145 8
1145 13
1145 23
1145 27
1145 34
1145 36
1146 0
1146 8
1146 13
1146 23
1146 28
1146 33
1146 36
1147 1
1147 8
1147 13
1147 23
1147 28
1147 33
1147 36
1148 2
1148 8
1148 13
1148 23
1148 28
1148 33
1148 36
1149 3
1149 8
1149 13
1149 23
1149 28
1149 33
1149 36
1150 4
1150 8
1150 13
1150 23
1150 28
1150 33
1150 36
1151 5
1151 8
1151 13
1151 23
1151 28
1151 33
1151 36
1152 0
1152 11
1152 13
1152 20
1152 24
1152 33
1152 40
1153 1
1153 11
1153 13
1153 20
1153 24
1153 33
1153 40
1154 2
1154 11
1154 13
1154 20
1154 24
1154 33
1154 40
1155 3
1155 11
1155 13
1155 20
1155 24
1155 33
1155 40
1156 4
1156 11
1156 13
1156 20
1156 24
1156 33
1156 40
1157 5
1157 11
1157 13
1157 20
1157 24
1157 33
1157 40
1158 0
1158 11
1158 13
1158 20
1158 27
1158 30
1158 40
1159 1
1159 11
1159 13
1159 20
1159 27
1159 30
1159 40
1160 2
1160 11
1160 13
1160 20
1160 27
1160 30
1160 40
1161 3
1161 11
1161 13
1161 20
1161 27
1161 30
1161 40
1162 4
1162 11
1162 13
1162 20
1162 27
1162 30
1162 40
1163 5
1163 11
1163 13
1163 20
1163 27
1163 30
1163 40
1164 0
1164 11
1164 13
1164 20
1164 28
1164 30
1164 39
1165 1
1165 11
1165 13
1165 20
1165 28
1165 30
1165 39
1166 2
1166 11
1166 13
1166 20
1166 28
1166 30
1166 39
1167 3
1167 11
1167 13
1167 20
1167 28
1167 30
1167 39
1168 4
1168 11
1168 13
1168 20
1168 28
1168 30
1168 39
1169 5
1169 11
1169 13
1169 20
1169 28
1169 30
1169 39
1170 0
1170 11
1170 13
1170 20
1170 24
1170 34
1170 39
1171 1
1171 11
1171 13
1171 20
1171 24
1171 34
1171 39
1172 2
1172 11
1172 13
1172 20
1172 24
1172 34
1172 39
1173 3
1173 11
1173 13
1173 20
1173 24
1173 34
1173 39
1174 4
1174 11
1174 13
1174 20
1174 24
1174 34
1174 39
1175 5
1175 11
1175 13
1175 20
1175 24
1175 34
1175 39
1176 0
1176 11
1176 13
1176 20
1176 27
1176 34
1176 36
1177 1
1177 11
1177 13
1177 20
1177 27
1177 34
1177 36
1178 2
1178 11
1178 13
1178 20
1178 27
1178 34
1178 36
1179 3
1179 11
1179 13
1179 20
1179 27
1179 34
1179 36
1180 4
1180 11
1180 13
1180 20
1180 27
1180 34
1180 36
1181 5
1181 11
1181 13
1181 20
1181 27
1181 34
1181 36
1182 0
1182 11
1182 13
1182 20
1182 28
1182 33
1182 36
1183 1
1183 11
1183 13
1183 20
1183 28
1183 33
1183 36
1184 2
1184 11
1184 13
1184 20
1184 28
1184 33
1184 36
1185 3
1185 11
1185 13
1185 20
1185 28
1185 33
1185 36
1186 4
1186 11
1186 13
1186 20
1186 28
1186 33
1186 36
1187 5
1187 11
1187 13
1187 20
1187 28
1187 33
1187 36
1188 0
1188 7
1188 17
1188 20
1188 24
1188 33
1188 40
1189 1
1189 7
1189 17
1189 20
1189 24
1189 33
1189 40
1190 2
1190 7
1190 17
1190 20
1190 24
1190 33
1190 40
1191 3
1191 7
1191 17
1191 20
1191 24
1191 33
1191 40
1192 4
1192 7
1192 17
1192 20
1192 24
1192 33
1192 40
1193 5
1193 7
1193 17
1193 20
1193 24
1193 33
1193 40
1194 0
1194 7
1194 17
1194 20
1194 27
1194 30
1194 40
1195 1
1195 7
1195 17
1195 20
1195 27
1195 30
1195 40
1196 2
1196 7
1196 17
1196 20
1196 27
1196 30
1196 40
1197 3
1197 7
1197 17
1197 20
1197 27
1197 30
1197 40
1198 4
1198 7
1198 17
1198 20
1198 27
1198 30
1198 40
1199 5
1199 7
1199 17
1199 20
1199 27
1199 30
1199 40
1200 0
1200 7
1200 17
1200 20
1200 28
1200 30
1200 39
1201 1
1201 7
1201 17
1201 20
1201 28
1201 30
1201 39
1202 2
1202 7
1202 17
1202 20
1202 28
1202 30
1202 39
1203 3
1203 7
1203 17
1203 20
1203 28
1203 30
1203 39
1204 4
1204 7
1204 17
1204 20
1204 28
1204 30
1204 39
1205 5
1205 7
1205 17
1205 20
1205 28
1205 30
1205 39
1206 0
1206 7
1206 17
1206 20
1206 24
1206 34
1206 39
1207 1
1207 7
1207 17
1207 20
1207 24
1207 34
1207 39
1208 2
1208 7
1208 17
1208 20
1208 24
1208 34
1208 39
1209 3
1209 7
1209 17
1209 20
1209 24
1209 34
1209 39
1210 4
1210 7
1210 17
1210 20
1210 24
1210 34
1210 39
1211 5
1211 7
1211 17
1211 20
1211 24
1211 34
1211 39
1212 0
1212 7
1212 17
1212 20
1212 27
1212 34
1212 36
1213 1
1213 7
1213 17
1213 20
1213 27
1213 34
1213 36
1214 2
1214 7
1214 17
1214 20
1214 27
1214 34
1214 36
1215 3
1215 7
1215 17
1215 20
1215 27
1215 34
1215 36
1216 4
1216 7
1216 17
1216 20
1216 27
1216 34
1216 36
1217 5
1217 7
1217 17
1217 20
1217 27
1217 34
1217 36
1218 0
1218 7
1218 17
1218 20
1218 28
1218 33
1218 36
1219 1
1219 7
1219 17
1219 20
1219 28
1219 33
1219 36
1220 2
1220 7
1220 17
1220 20
1220 28
1220 33
1220 36
1221 3
1221 7
1221 17
1221 20
1221 28
1221 33
1221 36
1222 4
1222 7
1222 17
1222 20
1222 28
1222 33
1222 36
1223 5
1223 7
1223 17
1223 20
1223 28
1223 33
1223 36
1224 0
1224 8
1224 17
1224 19
1224 24
1224 33
1224 40
1225 1
1225 8
1225 17
1225 19
1225 24
1225 33
1225 40
1226 2
1226 8
1226 17
1226 19
1226 24
1226 33
1226 40
1227 3
1227 8
1227 17
1227 19
1227 24
1227 33
1227 40
1228 4
1228 8
1228 17
1228 19
1228 24
1228 33
1228 40
1229 5
1229 8
1229 17
1229 19
1229 24
1229 33
1229 40
1230 0
1230 8
1230 17
1230 19
1230 27
1230 30
1230 40
1231 1
1231 8
1231 17
1231 19
1231 27
1231 30
1231 40
1232 2
1232 8
1232 17
1232 19
1232 27
1232 30
1232 40
1233 3
1233 8
1233 17
1233 19
1233 27
1233 30
1233 40
1234 4
1234 8
1234 17
1234 19
1234 27
1234 30
1234 40
1235 5
1235 8
1235 17
1235 19
1235 27
1235 30
1235 40
1236 0
1236 8
1236 17
1236 19
1236 28
1236 30
1236 39
1237 1
1237 8
1237 17
1237 19
1237 28
1237 30
1237 39
1238 2
1238 8
1238 17
1238 19
1238 28
1238 30
1238 39
1239 3
1239 8
1239 17
1239 19
1239 28
1239 30
1239 39
1240 4
1240 8
1240 17
1240 19
1240 28
1240 30
1240 39
1241 5
1241 8
1241 17
1241 19
1241 28
1241 30
1241 39
1242 0
1242 8
1242 17
1242 19
1242 24
1242 34
1242 39
1243 1
1243 8
1243 17
1243 19
1243 24
1243 34
1243 39
1244 2
1244 8
1244 17
1244 19
1244 24
1244 34
1244 39
1245 3
1245 8
1245 17
1245 19
1245 24
1245 34
1245 39
1246 4
1246 8
1246 17
1246 19
1246 24
1246 34
1246 39
1247 5
1247 8
1247 17
1247 19
1247 24
1247 34
1247 39
1248 0
1248 8
1248 17
1248 19
1248 27
1248 34
1248 36
1249 1
1249 8
1249 17
1249 19
1249 27
1249 34
1249 36
1250 2
1250 8
1250 17
1250 19
1250 27
1250 34
1250 36
1251 3
1251 8
1251 17
1251 19
1251 27
1251 34
1251 36
1252 4
1252 8
1252 17
1252 19
1252 27
1252 34
1252 36
1253 5
1253 8
1253 17
1253 19
1253 27
1253 34
1253 36
1254 0
1254 8
1254 17
1254 19
1254 28
1254 33
1254 36
1255 1
1255 8
1255 17
1255 19
1255 28
1255 33
1255 36
1256 2
1256 8
1256 17
1256 19
1256 28
1256 33
1256 36
1257 3
1257 8
1257 17
1257 19
1257 28
1257 33
1257 36
1258 4
1258 8
1258 17
1258 19
1258 28
1258 33
1258 36
1259 5
1259 8
1259 17
1259 19
1259 28
1259 33
1259 36
1260 0
1260 11
1260 14
1260 19
1260 24
1260 33
1260 40
1261 1
1261 11
1261 14
1261 19
1261 24
1261 33
1261 40
1262 2
1262 11
1262 14
1262 19
1262 24
1262 33
1262 40
1263 3
1263 11
1263 14
1263 19
1263 24
1263 33
1263 40
1264 4
1264 11
1264 14
1264 19
1264 24
1264 33
1264 40
1265 5
1265 11
1265 14
1265 19
1265 24
1265 33
1265 40
1266 0
1266 11
1266 14
1266 19
1266 27
1266 30
1266 40
1267 1
1267 11
1267 14
1267 19
1267 27
1267 30
1267 40
1268 2
1268 11
1268 14
1268 19
1268 27
1268 30
1268 40
1269 3
1269 11
1269 14
1269 19
1269 27
1269 30
1269 40
1270 4
1270 11
1270 14
1270 19
1270 27
1270 30
1270 40
1271 5
1271 11
1271 14
1271 19
1271 27
1271 30
1271 40
1272 0
1272 11
1272 14
1272 19
1272 28
1272 30
1272 39
1273 1
1273 11
1273 14
1273 19
1273 28
1273 30
1273 39
1274 2
1274 11
1274 14
1274 19
1274 28
1274 30
1274 39
1275 3
1275 11
1275 14
1275 19
1275 28
1275 30
1275 39
1276 4
1276 11
1276 14
1276 19
1276 28
1276 30
1276 39
1277 5
1277 11
1277 14
1277 19
1277 28
1277 30
1277 39
1278 0
1278 11
1278 14
1278 19
1278 24
1278 34
1278 39
1279 1
1279 11
1279 14
1279 19
1279 24
1279 34
1279 39
1280 2
1280 11
1280 14
1280 19
1280 24
1280 34
1280 39
1281 3
1281 11
1281 14
1281 19
1281 24
1281 34
1281 39
1282 4
1282 11
1282 14
1282 19
1282 24
1282 34
1282 39
1283 5
1283 11
1283 14
1283 19
1283 24
1283 34
1283 39
1284 0
1284 11
1284 14
1284 19
1284 27
1284 34
1284 36
1285 1
1285 11
1285 14
1285 19
1285 27
1285 34
1285 36
1286 2
1286 11
1286 14
1286 19
1286 27
1286 34
1286 36
1287 3
1287 11
1287 14
1287 19
1287 27
1287 34
1287 36
1288 4
1288 11
1288 14
1288 19
1288 27
1288 34
1288 36
1289 5
1289 11
1289 14
1289 19
1289 27
1289 34
1289 36
1290 0
1290 11
1290 14
1290 19
1290 28
1290 33
1290 36
1291 1
1291 11
1291 14
1291 19
1291 28
1291 33
1291 36
1292 2
1292 11
1292 14
1292 19
1292 28
1292 33
1292 36
1293 3
1293 11
1293 14
1293 19
1293 28
1293 33
1293 36
1294 4
1294 11
1294 14
1294 19
1294 28
1294 33
1294 36
1295 5
1295 11
1295 14
1295 19
1295 28
1295 33
1295 36
1296 0
1296 7
1296 15
1296 22
1296 24
1296 32
1296 41
1297 1
1297 7
1297 15
1297 22
1297 24
1297 32
1297 41
1298 2
1298 7
1298 15
1298 22
1298 24
1298 32
1298 41
1299 3
1299 7
1299 15
1299 22
1299 24
1299 32
1299 41
1300 4
1300 7
1300 15
1300 22
1300 24
1300 32
1300 41
1301 5
1301 7
1301 15
1301 22
1301 24
1301 32
1301 41
1302 0
1302 7
1302 15
1302 22
1302 26
1302 30
1302 41
1303 1
1303 7
1303 15
1303 22
1303 26
1303 30
1303 41
1304 2
1304 7
1304 15
1304 22
1304 26
1304 30
1304 41
1305 3
1305 7
1305 15
1305 22
1305 26
1305 30
1305 41
1306 4
1306 7
1306 15
1306 22
1306 26
1306 30
1306 41
1307 5
1307 7
1307 15
1307 22
1307 26
1307 30
1307 41
1308 0
1308 7
1308 15
1308 22
1308 29
1308 30
1308 38
1309 1
1309 7
1309 15
1309 22
1309 29
1309 30
1309 38
1310 2
1310 7
1310 15
1310 22
1310 29
1310 30
1310 38
1311 3
1311 7
1311 15
1311 22
1311 29
1311 30
1311 38
1312 4
1312 7
1312 15
1312 22
1312 29
1312 30
1312 38
1313 5
1313 7
1313 15
1313 22
1313 29
1313 30
1313 38
1314 0
1314 7
1314 15
1314 22
1314 24
1314 35
1314 38
1315 1
1315 7
1315 15
1315 22
1315 24
1315 35
1315 38
1316 2
1316 7
1316 15
1316 22
1316 24
1316 35
1316 38
1317 3
1317 7
1317 15
1317 22
1317 24
1317 35
1317 38
1318 4
1318 7
1318 15
1318 22
1318 24
1318 35
1318 38
1319 5
1319 7
1319 15
1319 22
1319 24
1319 35
1319 38
1320 0
1320 7
1320 15
1320 22
1320 26
1320 35
1320 36
1321 1
1321 7
1321 15
1321 22
1321 26
1321 35
1321 36
1322 2
1322 7
1322 15
1322 22
1322 26
1322 35
1322 36
1323 3
1323 7
1323 15
1323 22
1323 26
1323 35
1323 36
1324 4
1324 7
1324 15
1324 22
1324 26
1324 35
1324 36
1325 5
1325 7
1325 15
1325 22
1325 26
1325 35
1325 36
1326 0
1326 7
1326 15
1326 22
1326 29
1326 32
1326 36
1327 1
1327 7
1327 15
1327 22
1327 29
1327 32
1327 36
1328 2
1328 7
1328 15
1328 22
1328 29
1328 32
1328 36
1329 3
1329 7
1329 15
1329 22
1329 29
1329 32
1329 36
1330 4
1330 7
1330 15
1330 22
1330 29
1330 32
1330 36
1331 5
1331 7
1331 15
1331 22
1331 29
1331 32
1331 36
1332 0
1332 9
1332 13
1332 22
1332 24
1332 32
1332 41
1333 1
1333 9
1333 13
1333 22
1333 24
1333 32
1333 41
1334 2
1334 9
1334 13
1334 22
1334 24
1334 32
1334 41
1335 3
1335 9
1335 13
1335 22
1335 24
1335 32
1335 41
1336 4
1336 9
1336 13
1336 22
1336 24
1336 32
1336 41
1337 5
1337 9
1337 13
1337 22
1337 24
1337 32
1337 41
1338 0
1338 9
1338 13
1338 22
1338 26
1338 30
1338 41
1339 1
1339 9
1339 13
1339 22
1339 26
1339 30
1339 41
1340 2
1340 9
1340 13
1340 22
1340 26
1340 30
1340 41
1341 3
1341 9
1341 13
1341 22
1341 26
1341 30
1341 41
1342 4
1342 9
1342 13
1342 22
1342 26
1342 30
1342 41
1343 5
1343 9
1343 13
1343 22
1343 26
1343 30
1343 41
1344 0
1344 9
1344 13
1344 22
1344 29
1344 30
1344 38
1345 1
1345 9
1345 13
1345 22
1345 29
1345 30
1345 38
1346 2
1346 9
1346 13
1346 22
1346 29
1346 30
1346 38
1347 3
1347 9
1347 13
1347 22
1347 29
1347 30
1347 38
1348 4
1348 9
1348 13
1348 22
1348 29
1348 30
1348 38
1349 5
1349 9
1349 13
1349 22
1349 29
1349 30
1349 38
1350 0
1350 9
1350 13
1350 22
1350 24
1350 35
1350 38
1351 1
1351 9
1351 13
1351 22
1351 24
1351 35
1351 38
1352 2
1352 9
1352 13
1352 22
1352 24
1352 35
1352 38
1353 3
1353 9
1353 13
1353 22
1353 24
1353 35
1353 38
1354 4
1354 9
1354 13
1354 22
1354 24
1354 35
1354 38
1355 5
1355 9
1355 13
1355 22
1355 24
1355 35
1355 38
1356 0
1356 9
1356 13
1356 22
1356 26
1356 35
1356 36
1357 1
1357 9
1357 13
1357 22
1357 26
1357 35
1357 36
1358 2
1358 9
1358 13
1358 22
1358 26
1358 35
1358 36
1359 3
1359 9
1359 13
1359 22
1359 26
1359 35
1359 36
1360 4
1360 9
1360 13
1360 22
1360 26
1360 35
1360 36
1361 5
1361 9
1361 13
1361 22
1361 26
1361 35
1361 36
1362 0
1362 9
1362 13
1362 22
1362 29
1362 32
1362 36
1363 1
1363 9
1363 13
1363 22
1363 29
1363 32
1363 36
1364 2
1364 9
1364 13
1364 22
1364 29
1364 32
1364 36
1365 3
1365 9
1365 13
1365 22
1365 29
1365 32
1365 36
1366 4
1366 9
1366 13
1366 22
1366 29
1366 32
1366 36
1367 5
1367 9
1367 13
1367 22
1367 29
1367 32
1367 36
1368 0
1368 10
1368 13
1368 21
1368 24
1368 32
1368 41
1369 1
1369 10
1369 13
1369 21
1369 24
1369 32
1369 41
1370 2
1370 10
1370 13
1370 21
1370 24
1370 32
1370 41
1371 3
1371 10
1371 13
1371 21
1371 24
1371 32
1371 41
1372 4
1372 10
1372 13
1372 21
1372 24
1372 32
1372 41
1373 5
1373 10
1373 13
1373 21
1373 24
1373 32
1373 41
1374 0
1374 10
1374 13
1374 21
1374 26
1374 30
1374 41
1375 1
1375 10
1375 13
1375 21
1375 26
1375 30
1375 41
1376 2
1376 10
1376 13
1376 21
1376 26
1376 30
1376 41
1377 3
1377 10
1377 13
1377 21
1377 26
1377 30
1377 41
1378 4
1378 10
1378 13
1378 21
1378 26
1378 30
1378 41
1379 5
1379 10
1379 13
1379 21
1379 26
1379 30
1379 41
1380 0
1380 10
1380 13
1380 21
1380 29
1380 30
1380 38
1381 1
1381 10
1381 13
1381 21
1381 29
1381 30
1381 38
1382 2
1382 10
1382 13
1382 21
1382 29
1382 30
1382 38
1383 3
1383 10
1383 13
1383 21
1383 29
1383 30
1383 38
1384 4
1384 10
1384 13
1384 21
1384 29
1384 30
1384 38
1385 5
1385 10
1385 13
1385 21
1385 29
1385 30
1385 38
1386 0
1386 10
1386 13
1386 21
1386 24
1386 35
1386 38
1387 1
1387 10
1387 13
1387 21
1387 24
1387 35
1387 38
1388 2
1388 10
1388 13
1388 21
1388 24
1388 35
1388 38
1389 3
1389 10
1389 13
1389 21
1389 24
1389 35
1389 38
1390 4
1390 10
1390 13
1390 21
1390 24
1390 35
1390 38
1391 5
1391 10
1391 13
1391 21
1391 24
1391 35
1391 38
1392 0
1392 10
1392 13
1392 21
1392 26
1392 35
1392 36
1393 1
1393 10
1393 13
1393 21
1393 26
1393 35
1393 36
1394 2
1394 10
1394 13
1394 21
1394 26
1394 35
1394 36
1395 3
1395 10
1395 13
1395 21
1395 26
1395 35
1395 36
1396 4
1396 10
1396 13
1396 21
1396 26
1396 35
1396 36
1397 5
1397 10
1397 13
1397 21
1397 26
1397 35
1397 36
1398 0
1398 10
1398 13
1398 21
1398 29
1398 32
1398 36
1399 1
1399 10
1399 13
1399 21
1399 29
1399 32
1399 36
1400 2
1400 10
1400 13
1400 21
1400 29
1400 32
1400 36
1401 3
1401 10
1401 13
1401 21
1401 29
1401 32
1401 36
1402 4
1402 10
1402 13
1402 21
1402 29
1402 32
1402 36
1403 5
1403 10
1403 13
1403 21
1403 29
1403 32
1403 36
1404 0
1404 7
1404 16
1404 21
1404 24
1404 32
1404 41
1405 1
1405 7
1405 16
1405 21
1405 24
1405 32
1405 41
1406 2
1406 7
1406 16
1406 21
1406 24
1406 32
1406 41
1407 3
1407 7
1407 16
1407 21
1407 24
1407 32
1407 41
1408 4
1408 7
1408 16
1408 21
1408 24
1408 32
1408 41
1409 5
1409 7
1409 16
1409 21
1409 24
1409 32
1409 41
1410 0
1410 7
1410 16
1410 21
1410 26
1410 30
1410 41
1411 1
1411 7
1411 16
1411 21
1411 26
1411 30
1411 41
1412 2
1412 7
1412 16
1412 21
1412 26
1412 30
1412 41
1413 3
1413 7
1413 16
1413 21
1413 26
1413 30
1413 41
1414 4
1414 7
1414 16
1414 21
1414 26
1414 30
1414 41
1415 5
1415 7
1415 16
1415 21
1415 26
1415 30
1415 41
1416 0
1416 7
1416 16
1416 21
1416 29
1416 30
1416 38
1417 1
1417 7
1417 16
1417 21
1417 29
1417 30
1417 38
1418 2
1418 7
1418 16
1418 21
1418 29
1418 30
1418 38
1419 3
1419 7
1419 16
1419 21
1419 29
1419 30
1419 38
1420 4
1420 7
1420 16
1420 21
1420 29
1420 30
1420 38
1421 5
1421 7
1421 16
1421 21
1421 29
1421 30
1421 38
1422 0
1422 7
1422 16
1422 21
1422 24
1422 35
1422 38
1423 1
1423 7
1423 16
1423 21
1423 24
1423 35
1423 38
1424 2
1424 7
1424 16
1424 21
1424 24
1424 35
1424 38
1425 3
1425 7
1425 16
1425 21
1425 24
1425 35
1425 38
1426 4
1426 7
1426 16
1426 21
1426 24
1426 35
1426 38
1427 5
1427 7
1427 16
1427 21
1427 24
1427 35
1427 38
1428 0
1428 7
1428 16
1428 21
1428 26
1428 35
1428 36
1429 1
1429 7
1429 16
1429 21
1429 26
1429 35
1429 36
1430 2
1430 7
1430 16
1430 21
1430 26
1430 35
1430 36
1431 3
1431 7
1431 16
1431 21
1431 26
1431 35
1431 36
1432 4
1432 7
1432 16
1432 21
1432 26
1432 35
1432 36
1433 5
1433 7
1433 16
1433 21
1433 26
1433 35
1433 36
1434 0
1434 7
1434 16
1434 21
1434 29
1434 32
1434 36
1435 1
1435 7
1435 16
1435 21
1435 29
1435 32
1435 36
1436 2
1436 7
1436 16
1436 21
1436 29
1436 32
1436 36
1437 3
1437 7
1437 16
1437 21
1437 29
1437 32
1437 36
1438 4
1438 7
1438 16
1438 21
1438 29
1438 32
1438 36
1439 5
1439 7
1439 16
1439 21
1439 29
1439 32
1439 36
1440 0
1440 9
1440 16
1440 19
1440 24
1440 32
1440 41
1441 1
1441 9
1441 16
1441 19
1441 24
1441 32
1441 41
1442 2
1442 9
1442 16
1442 19
1442 24
1442 32
1442 41
1443 3
1443 9
1443 16
1443 19
1443 24
1443 32
1443 41
1444 4
1444 9
1444 16
1444 19
1444 24
1444 32
1444 41
1445 5
1445 9
1445 16
1445 19
1445 24
1445 32
1445 41
1446 0
1446 9
1446 16
1446 19
1446 26
1446 30
1446 41
1447 1
1447 9
1447 16
1447 19
1447 26
1447 30
1447 41
1448 2
1448 9
1448 16
1448 19
1448 26
1448 30
1448 41
1449 3
1449 9
1449 16
1449 19
1449 26
1449 30
1449 41
1450 4
1450 9
1450 16
1450 19
1450 26
1450 30
1450 41
1451 5
1451 9
1451 16
1451 19
1451 26
1451 30
1451 41
1452 0
1452 9
1452 16
1452 19
1452 29
1452 30
1452 38
1453 1
1453 9
1453 16
1453 19
1453 29
1453 30
1453 38
1454 2
1454 9
1454 16
1454 19
1454 29
1454 30
1454 38
1455 3
1455 9
1455 16
1455 19
1455 29
1455 30
1455 38
1456 4
1456 9
1456 16
1456 19
1456 29
1456 30
1456 38
1457 5
1457 9
1457 16
1457 19
1457 29
1457 30
1457 38
1458 0
1458 9
1458 16
1458 19
1458 24
1458 35
1458 38
1459 1
1459 9
1459 16
1459 19
1459 24
1459 35
1459 38
1460 2
1460 9
1460 16
1460 19
1460 24
1460 35
1460 38
1461 3
1461 9
1461 16
1461 19
1461 24
1461 35
1461 38
1462 4
1462 9
1462 16
1462 19
1462 24
1462 35
1462 38
1463 5
1463 9
1463 16
1463 19
1463 24
1463 35
1463 38
1464 0
1464 9
1464 16
1464 19
1464 26
1464 35
1464 36
1465 1
1465 9
1465 16
1465 19
1465 26
1465 35
1465 36
1466 2
1466 9
1466 16
1466 19
1466 26
1466 35
1466 36
1467 3
1467 9
1467 16
1467 19
1467 26
1467 35
1467 36
1468 4
1468 9
1468 16
1468 19
1468 26
1468 35
1468 36
1469 5
1469 9
1469 16
1469 19
1469 26
1469 35
1469 36
1470 0
1470 9
1470 16
1470 19
1470 29
1470 32
1470 36
1471 1
1471 9
1471 16
1471 19
1471 29
1471 32
1471 36
1472 2
1472 9
1472 16
1472 19
1472 29
1472 32
1472 36
1473 3
1473 9
1473 16
1473 19
1473 29
1473 32
1473 36
1474 4
1474 9
1474 16
1474 19
1474 29
1474 32
1474 36
1475 5
1475 9
1475 16
1475 19
1475 29
1475 32
1475 36
1476 0
1476 10
1476 15
1476 19
1476 24
1476 32
1476 41
1477 1
1477 10
1477 15
1477 19
1477 24
1477 32
1477 41
1478 2
1478 10
1478 15
1478 19
1478 24
1478 32
1478 41
1479 3
1479 10
1479 15
1479 19
1479 24
1479 32
1479 41
1480 4
1480 10
1480 15
1480 19
1480 24
1480 32
1480 41
1481 5
1481 10
1481 15
1481 19
1481 24
1481 32
1481 41
1482 0
1482 10
1482 15
1482 19
1482 26
1482 30
1482 41
1483 1
1483 10
1483 15
1483 19
1483 26
1483 30
1483 41
1484 2
1484 10
1484 15
1484 19
1484 26
1484 30
1484 41
1485 3
1485 10
1485 15
1485 19
1485 26
1485 30
1485 41
1486 4
1486 10
1486 15
1486 19
1486 26
1486 30
1486 41
1487 5
1487 10
1487 15
1487 19
1487 26
1487 30
1487 41
1488 0
1488 10
1488 15
1488 19
1488 29
1488 30
1488 38
1489 1
1489 10
1489 15
1489 19
1489 29
1489 30
1489 38
1490 2
1490 10
1490 15
1490 19
1490 29
1490 30
1490 38
1491 3
1491 10
1491 15
1491 19
1491 29
1491 30
1491 38
1492 4
1492 10
1492 15
1492 19
1492 29
1492 30
1492 38
1493 5
1493 10
1493 15
1493 19
1493 29
1493 30
1493 38
1494 0
1494 10
1494 15
1494 19
1494 24
1494 35
1494 38
1495 1
1495 10
1495 15
1495 19
1495 24
1495 35
1495 38
1496 2
1496 10
1496 15
1496 19
1496 24
1496 35
1496 38
1497 3
1497 10
1497 15
1497 19
1497 24
1497 35
1497 38
1498 4
1498 10
1498 15
1498 19
1498 24
1498 35
1498 38
1499 5
1499 10
1499 15
1499 19
1499 24
1499 35
1499 38
1500 0
1500 10
1500 15
1500 19
1500 26
1500 35
1500 36
1501 1
1501 10
1501 15
1501 19
1501 26
1501 35
1501 36
1502 2
1502 10
1502 15
1502 19
1502 26
1502 35
1502 36
1503 3
1503 10
1503 15
1503 19
1503 26
1503 35
1503 36
1504 4
1504 10
1504 15
1504 19
1504 26
1504 35
1504 36
1505 5
1505 10
1505 15
1505 19
1505 26
1505 35
1505 36
1506 0
1506 10
1506 15
1506 19
1506 29
1506 32
1506 36
1507 1
1507 10
1507 15
1507 19
1507 29
1507 32
1507 36
1508 2
1508 10
1508 15
1508 19
1508 29
1508 32
1508 36
1509 3
1509 10
1509 15
1509 19
1509 29
1509 32
1509 36
1510 4
1510 10
1510 15
1510 19
1510 29
1510 32
1510 36
1511 5
1511 10
1511 15
1511 19
1511 29
1511 32
1511 36
1512 0
1512 7
1512 15
1512 23
1512 24
1512 32
1512 40
1513 1
1513 7
1513 15
1513 23
1513 24
1513 32
1513 40
1514 2
1514 7
1514 15
1514 23
1514 24
1514 32
1514 40
1515 3
1515 7
1515 15
1515 23
1515 24
1515 32
1515 40
1516 4
1516 7
1516 15
1516 23
1516 24
1516 32
1516 40
1517 5
1517 7
1517 15
1517 23
1517 24
1517 32
1517 40
1518 0
1518 7
1518 15
1518 23
1518 26
1518 30
1518 40
1519 1
1519 7
1519 15
1519 23
1519 26
1519 30
1519 40
1520 2
1520 7
1520 15
1520 23
1520 26
1520 30
1520 40
1521 3
1521 7
1521 15
1521 23
1521 26
1521 30
1521 40
1522 4
1522 7
1522 15
1522 23
1522 26
1522 30
1522 40
1523 5
1523 7
1523 15
1523 23
1523 26
1523 30
1523 40
1524 0
1524 7
1524 15
1524 23
1524 28
1524 30
1524 38
1525 1
1525 7
1525 15
1525 23
1525 28
1525 30
1525 38
1526 2
1526 7
1526 15
1526 23
1526 28
1526 30
1526 38
1527 3
1527 7
1527 15
1527 23
1527 28
1527 30
1527 38
1528 4
1528 7
1528 15
1528 23
1528 28
1528 30
1528 38
1529 5
1529 7
1529 15
1529 23
1529 28
1529 30
1529 38
1530 0
1530 7
1530 15
1530 23
1530 24
1530 34
1530 38
1531 1
1531 7
1531 15
1531 23
1531 24
1531 34
1531 38
1532 2
1532 7
1532 15
1532 23
1532 24
1532 34
1532 38
1533 3
1533 7
1533 15
1533 23
1533 24
1533 34
1533 38
1534 4
1534 7
1534 15
1534 23
1534 24
1534 34
1534 38
1535 5
1535 7
1535 15
1535 23
1535 24
1535 34
1535 38
1536 0
1536 7
1536 15
1536 23
1536 26
1536 34
1536 36
1537 1
1537 7
1537 15
1537 23
1537 26
1537 34
1537 36
1538 2
1538 7
1538 15
1538 23
1538 26
1538 34
1538 36
1539 3
1539 7
1539 15
1539 23
1539 26
1539 34
1539 36
1540 4
1540 7
1540 15
1540 23
1540 26
1540 34
1540 36
1541 5
1541 7
1541 15
1541 23
1541 26
1541 34
1541 36
1542 0
1542 7
1542 15
1542 23
1542 28
1542 32
1542 36
1543 1
1543 7
1543 15
1543 23
1543 28
1543 32
1543 36
1544 2
1544 7
1544 15
1544 23
1544 28
1544 32
1544 36
1545 3
1545 7
1545 15
1545 23
1545 28
1545 32
1545 36
1546 4
1546 7
1546 15
1546 23
1546 28
1546 32
1546 36
1547 5
1547 7
1547 15
1547 23
1547 28
1547 32
1547 36
1548 0
1548 9
1548 13
1548 23
1548 24
1548 32
1548 40
1549 1
1549 9
1549 13
1549 23
1549 24
1549 32
1549 40
1550 2
1550 9
1550 13
1550 23
1550 24
1550 32
1550 40
1551 3
1551 9
1551 13
1551 23
1551 24
1551 32
1551 40
1552 4
1552 9
1552 13
1552 23
1552 24
1552 32
1552 40
1553 5
1553 9
1553 13
1553 23
1553 24
1553 32
1553 40
1554 0
1554 9
1554 13
1554 23
1554 26
1554 30
1554 40
1555 1
1555 9
1555 13
1555 23
1555 26
1555 30
1555 40
1556 2
1556 9
1556 13
1556 23
1556 26
1556 30
1556 40
1557 3
1557 9
1557 13
1557 23
1557 26
1557 30
1557 40
1558 4
1558 9
1558 13
1558 23
1558 26
1558 30
1558 40
1559 5
1559 9
1559 13
1559 23
1559 26
1559 30
1559 40
1560 0
1560 9
1560 13
1560 23
1560 28
1560 30
1560 38
1561 1
1561 9
1561 13
1561 23
1561 28
1561 30
1561 38
1562 2
1562 9
1562 13
1562 23
1562 28
1562 30
1562 38
1563 3
1563 9
1563 13
1563 23
1563 28
1563 30
1563 38
1564 4
1564 9
1564 13
1564 23
1564 28
1564 30
1564 38
1565 5
1565 9
1565 13
1565 23
1565 28
1565 30
1565 38
1566 0
1566 9
1566 13
1566 23
1566 24
1566 34
1566 38
1567 1
1567 9
1567 13
1567 23
1567 24
1567 34
1567 38
1568 2
1568 9
1568 13
1568 23
1568 24
1568 34
1568 38
1569 3
1569 9
1569 13
1569 23
1569 24
1569 34
1569 38
1570 4
1570 9
1570 13
1570 23
1570 24
1570 34
1570 38
1571 5
1571 9
1571 13
1571 23
1571 24
1571 34
1571 38
1572 0
1572 9
1572 13
1572 23
1572 26
1572 34
1572 36
1573 1
1573 9
1573 13
1573 23
1573 26
1573 34
1573 36
1574 2
1574 9
1574 13
1574 23
1574 26
1574 34
1574 36
1575 3
1575 9
1575 13
1575 23
1575 26
1575 34
1575 36
1576 4
1576 9
1576 13
1576 23
1576 26
1576 34
1576 36
1577 5
1577 9
1577 13
1577 23
1577 26
1577 34
1577 36
1578 0
1578 9
1578 13
1578 23
1578 28
1578 32
1578 36
1579 1
1579 9
1579 13
1579 23
1579 28
1579 32
1579 36
1580 2
1580 9
1580 13
1580 23
1580 28
1580 32
1580 36
1581 3
1581 9
1581 13
1581 23
1581 28
1581 32
1581 36
1582 4
1582 9
1582 13
1582 23
1582 28
1582 32
1582 36
1583 5
1583 9
1583 13
1583 23
1583 28
1583 32
1583 36
1584 0
1584 11
1584 13
1584 21
1584 24
1584 32
1584 40
1585 1
1585 11
1585 13
1585 21
1585 24
1585 32
1585 40
1586 2
1586 11
1586 13
1586 21
1586 24
1586 32
1586 40
1587 3
1587 11
1587 13
1587 21
1587 24
1587 32
1587 40
1588 4
1588 11
1588 13
1588 21
1588 24
1588 32
1588 40
1589 5
1589 11
1589 13
1589 21
1589 24
1589 32
1589 40
1590 0
1590 11
1590 13
1590 21
1590 26
1590 30
1590 40
1591 1
1591 11
1591 13
1591 21
1591 26
1591 30
1591 40
1592 2
1592 11
1592 13
1592 21
1592 26
1592 30
1592 40
1593 3
1593 11
1593 13
1593 21
1593 26
1593 30
1593 40
1594 4
1594 11
1594 13
1594 21
1594 26
1594 30
1594 40
1595 5
1595 11
1595 13
1595 21
1595 26
1595 30
1595 40
1596 0
1596 11
1596 13
1596 21
1596 28
1596 30
1596 38
1597 1
1597 11
1597 13
1597 21
1597 28
1597 30
1597 38
1598 2
1598 11
1598 13
1598 21
1598 28
1598 30
1598 38
1599 3
1599 11
1599 13
1599 21
1599 28
1599 30
1599 38
1600 4
1600 11
1600 13
1600 21
1600 28
1600 30
1600 38
1601 5
1601 11
1601 13
1601 21
1601 28
1601 30
1601 38
1602 0
1602 11
1602 13
1602 21
1602 24
1602 34
1602 38
1603 1
1603 11
1603 13
1603 21
1603 24
1603 34
1603 38
1604 2
1604 11
1604 13
1604 21
1604 24
1604 34
1604 38
1605 3
1605 11
1605 13
1605 21
1605 24
1605 34
1605 38
1606 4
1606 11
1606 13
1606 21
1606 24
1606 34
1606 38
1607 5
1607 11
1607 13
1607 21
1607 24
1607 34
1607 38
1608 0
1608 11
1608 13
1608 21
1608 26
1608 34
1608 36
1609 1
1609 11
1609 13
1609 21
1609 26
1609 34
1609 36
1610 2
1610 11
1610 13
1610 21
1610 26
1610 34
1610 36
1611 3
1611 11
1611 13
1611 21
1611 26
1611 34
1611 36
1612 4
1612 11
1612 13
1612 21
1612 26
1612 34
1612 36
1613 5
1613 11
1613 13
1613 21
1613 26
1613 34
1613 36
1614 0
1614 11
1614 13
1614 21
1614 28
1614 32
1614 36
1615 1
1615 11
1615 13
1615 21
1615 28
1615 32
1615 36
1616 2
1616 11
1616 13
1616 21
1616 28
1616 32
1616 36
1617 3
1617 11
1617 13
1617 21
1617 28
1617 32
1617 36
1618 4
1618 11
1618 13
1618 21
1618 28
1618 32
1618 36
1619 5
1619 11
1619 13
1619 21
1619 28
1619 32
1619 36
1620 0
1620 7
1620 17
1620 21
1620 24
1620 32
1620 40
1621 1
1621 7
1621 17
1621 21
1621 24
1621 32
1621 40
1622 2
1622 7
1622 17
1622 21
1622 24
1622 32
1622 40
1623 3
1623 7
1623 17
1623 21
1623 24
1623 32
1623 40
1624 4
1624 7
1624 17
1624 21
1624 24
1624 32
1624 40
1625 5
1625 7
1625 17
1625 21
1625 24
1625 32
1625 40
1626 0
1626 7
1626 17
1626 21
1626 26
1626 30
1626 40
1627 1
1627 7
1627 17
1627 21
1627 26
1627 30
1627 40
1628 2
1628 7
1628 17
1628 21
1628 26
1628 30
1628 40
1629 3
1629 7
1629 17
1629 21
1629 26
1629 30
1629 40
1630 4
1630 7
1630 17
1630 21
1630 26
1630 30
1630 40
1631 5
1631 7
1631 17
1631 21
1631 26
1631 30
1631 40
1632 0
1632 7
1632 17
1632 21
1632 28
1632 30
1632 38
1633 1
1633 7
1633 17
1633 21
1633 28
1633 30
1633 38
1634 2
1634 7
1634 17
1634 21
1634 28
1634 30
1634 38
1635 3
1635 7
1635 17
1635 21
1635 28
1635 30
1635 38
1636 4
1636 7
1636 17
1636 21
1636 28
1636 30
1636 38
1637 5
1637 7
1637 17
1637 21
1637 28
1637 30
1637 38
1638 0
1638 7
1638 17
1638 21
1638 24
1638 34
1638 38
1639 1
1639 7
1639 17
1639 21
1639 24
1639 34
1639 38
1640 2
1640 7
1640 17
1640 21
1640 24
1640 34
1640 38
1641 3
1641 7
1641 17
1641 21
1641 24
1641 34
1641 38
1642 4
1642 7
1642 17
1642 21
1642 24
1642 34
1642 38
1643 5
1643 7
1643 17
1643 21
1643 24
1643 34
1643 38
1644 0
1644 7
1644 17
1644 21
1644 26
1644 34
1644 36
1645 1
1645 7
1645 17
1645 21
1645 26
1645 34
1645 36
1646 2
1646 7
1646 17
1646 21
1646 26
1646 34
1646 36
1647 3
1647 7
1647 17
1647 21
1647 26
1647 34
1647 36
1648 4
1648 7
1648 17
1648 21
1648 26
1648 34
1648 36
1649 5
1649 7
1649 17
1649 21
1649 26
1649 34
1649 36
1650 0
1650 7
1650 17
1650 21
1650 28
1650 32
1650 36
1651 1
1651 7
1651 17
1651 21
1651 28
1651 32
1651 36
1652 2
1652 7
1652 17
1652 21
1652 28
1652 32
1652 36
1653 3
1653 7
1653 17
1653 21
1653 28
1653 32
1653 36
1654 4
1654 7
1654 17
1654 21
1654 28
1654 32
1654 36
1655 5
1655 7
1655 17
1655 21
1655 28
1655 32
1655 36
1656 0
1656 9
1656 17
1656 19
1656 24
1656 32
1656 40
1657 1
1657 9
1657 17
1657 19
1657 24
1657 32
1657 40
1658 2
1658 9
1658 17
1658 19
1658 24
1658 32
1658 40
1659 3
1659 9
1659 17
1659 19
1659 24
1659 32
1659 40
1660 4
1660 9
1660 17
1660 19
1660 24
1660 32
1660 40
1661 5
1661 9
1661 17
1661 19
1661 24
1661 32
1661 40
1662 0
1662 9
1662 17
1662 19
1662 26
1662 30
1662 40
1663 1
1663 9
1663 17
1663 19
1663 26
1663 30
1663 40
1664 2
1664 9
1664 17
1664 19
1664 26
1664 30
1664 40
1665 3
1665 9
1665 17
1665 19
1665 26
1665 30
1665 40
1666 4
1666 9
1666 17
1666 19
1666 26
1666 30
1666 40
1667 5
1667 9
1667 17
1667 19
1667 26
1667 30
1667 40
1668 0
1668 9
1668 17
1668 19
1668 28
1668 30
1668 38
1669 1
1669 9
1669 17
1669 19
1669 28
1669 30
1669 38
1670 2
1670 9
1670 17
1670 19
1670 28
1670 30
1670 38
1671 3
1671 9
1671 17
1671 19
1671 28
1671 30
1671 38
1672 4
1672 9
1672 17
1672 19
1672 28
1672 30
1672 38
1673 5
1673 9
1673 17
1673 19
1673 28
1673 30
1673 38
1674 0
1674 9
1674 17
1674 19
1674 24
1674 34
1674 38
1675 1
1675 9
1675 17
1675 19
1675 24
1675 34
1675 38
1676 2
1676 9
1676 17
1676 19
1676 24
1676 34
1676 38
1677 3
1677 9
1677 17
1677 19
1677 24
1677 34
1677 38
1678 4
1678 9
1678 17
1678 19
1678 24
1678 34
1678 38
1679 5
1679 9
1679 17
1679 19
1679 24
1679 34
1679 38
1680 0
1680 9
1680 17
1680 19
1680 26
1680 34
1680 36
1681 1
1681 9
1681 17
1681 19
1681 26
1681 34
1681 36
1682 2
1682 9
1682 17
1682 19
1682 26
1682 34
1682 36
1683 3
1683 9
1683 17
1683 19
1683 26
1683 34
1683 36
1684 4
1684 9
1684 17
1684 19
1684 26
1684 34
1684 36
1685 5
1685 9
1685 17
1685 19
1685 26
1685 34
1685 36
1686 0
1686 9
1686 17
1686 19
1686 28
1686 32
1686 36
1687 1
1687 9
1687 17
1687 19
1687 28
1687 32
1687 36
1688 2
1688 9
1688 17
1688 19
1688 28
1688 32
1688 36
1689 3
1689 9
1689 17
1689 19
1689 28
1689 32
1689 36
1690 4
1690 9
1690 17
1690 19
1690 28
1690 32
1690 36
1691 5
1691 9
1691 17
1691 19
1691 28
1691 32
1691 36
1692 0
1692 11
1692 15
1692 19
1692 24
1692 32
1692 40
1693 1
1693 11
1693 15
1693 19
1693 24
1693 32
1693 40
1694 2
1694 11
1694 15
1694 19
1694 24
1694 32
1694 40
1695 3
1695 11
1695 15
1695 19
1695 24
1695 32
1695 40
1696 4
1696 11
1696 15
1696 19
1696 24
1696 32
1696 40
1697 5
1697 11
1697 15
1697 19
1697 24
1697 32
1697 40
1698 0
1698 11
1698 15
1698 19
1698 26
1698 30
1698 40
1699 1
1699 11
1699 15
1699 19
1699 26
1699 30
1699 40
1700 2
1700 11
1700 15
1700 19
1700 26
1700 30
1700 40
1701 3
1701 11
1701 15
1701 19
1701 26
1701 30
1701 40
1702 4
1702 11
1702 15
1702 19
1702 26
1702 30
1702 40
1703 5
1703 11
1703 15
1703 19
1703 26
1703 30
1703 40
1704 0
1704 11
1704 15
1704 19
1704 28
1704 30
1704 38
1705 1
1705 11
1705 15
1705 19
1705 28
1705 30
1705 38
1706 2
1706 11
1706 15
1706 19
1706 28
1706 30
1706 38
1707 3
1707 11
1707 15
1707 19
1707 28
1707 30
1707 38
1708 4
1708 11
1708 15
1708 19
1708 28
1708 30
1708 38
1709 5
1709 11
1709 15
1709 19
1709 28
1709 30
1709 38
1710 0
1710 11
1710 15
1710 19
1710 24
1710 34
1710 38
1711 1
1711 11
1711 15
1711 19
1711 24
1711 34
1711 38
1712 2
1712 11
1712 15
1712 19
1712 24
1712 34
1712 38
1713 3
1713 11
1713 15
1713 19
1713 24
1713 34
1713 38
1714 4
1714 11
1714 15
1714 19
1714 24
1714 34
1714 38
1715 5
1715 11
1715 15
1715 19
1715 24
1715 34
1715 38
1716 0
1716 11
1716 15
1716 19
1716 26
1716 34
1716 36
1717 1
1717 11
1717 15
1717 19
1717 26
1717 34
1717 36
1718 2
1718 11
1718 15
1718 19
1718 26
1718 34
1718 36
1719 3
1719 11
1719 15
1719 19
1719 26
1719 34
1719 36
1720 4
1720 11
1720 15
1720 19
1720 26
1720 34
1720 36
1721 5
1721 11
1721 15
1721 19
1721 26
1721 34
1721 36
1722 0
1722 11
1722 15
1722 19
1722 28
1722 32
1722 36
1723 1
1723 11
1723 15
1723 19
1723 28
1723 32
1723 36
1724 2
1724 11
1724 15
1724 19
1724 28
1724 32
1724 36
1725 3
1725 11
1725 15
1725 19
1725 28
1725 32
1725 36
1726 4
1726 11
1726 15
1726 19
1726 28
1726 32
1726 36
1727 5
1727 11
1727 15
1727 19
1727 28
1727 32
1727 36
