0 0
0 6
0 15
0 19
0 28
0 32
0 41
1 1
1 6
1 15
1 19
1 28
1 32
1 41
2 2
2 6
2 15
2 19
2 28
2 32
2 41
3 3
3 6
3 15
3 19
3 28
3 32
3 41
4 4
4 6
4 15
4 19
4 28
4 32
4 41
5 5
5 6
5 15
5 19
5 28
5 32
5 41
6 0
6 6
6 15
6 19
6 28
6 35
6 38
7 1
7 6
7 15
7 19
7 28
7 35
7 38
8 2
8 6
8 15
8 19
8 28
8 35
8 38
9 3
9 6
9 15
9 19
9 28
9 35
9 38
10 4
10 6
10 15
10 19
10 28
10 35
10 38
11 5
11 6
11 15
11 19
11 28
11 35
11 38
12 0
12 6
12 15
12 22
12 25
12 32
12 41
13 1
13 6
13 15
13 22
13 25
13 32
13 41
14 2
14 6
14 15
14 22
14 25
14 32
14 41
15 3
15 6
15 15
15 22
15 25
15 32
15 41
16 4
16 6
16 15
16 22
16 25
16 32
16 41
17 5
17 6
17 15
17 22
17 25
17 32
17 41
18 0
18 6
18 15
18 22
18 25
18 35
18 38
19 1
19 6
19 15
19 22
19 25
19 35
19 38
20 2
20 6
20 15
20 22
20 25
20 35
20 38
21 3
21 6
21 15
21 22
21 25
21 35
21 38
22 4
22 6
22 15
22 22
22 25
22 35
22 38
23 5
23 6
23 15
23 22
23 25
23 35
23 38
24 0
24 9
24 12
24 19
24 28
24 32
24 41
25 1
25 9
25 12
25 19
25 28
25 32
25 41
26 2
26 9
26 12
26 19
26 28
26 32
26 41
27 3
27 9
27 12
27 19
27 28
27 32
27 41
28 4
28 9
28 12
28 19
28 28
28 32
28 41
29 5
29 9
29 12
29 19
29 28
29 32
29 41
30 0
30 9
30 12
30 19
30 28
30 35
30 38
31 1
31 9
31 12
31 19
31 28
31 35
31 38
32 2
32 9
32 12
32 19
32 28
32 35
32 38
33 3
33 9
33 12
33 19
33 28
33 35
33 38
34 4
34 9
34 12
34 19
34 28
34 35
34 38
35 5
35 9
35 12
35 19
35 28
35 35
35 38
36 0
36 9
36 12
36 22
36 25
36 32
36 41
37 1
37 9
37 12
37 22
37 25
37 32
37 41
38 2
38 9
38 12
38 22
38 25
38 32
38 41
39 3
39 9
39 12
39 22
39 25
39 32
39 41
40 4
40 9
40 12
40 22
40 25
40 32
40 41
41 5
41 9
41 12
41 22
41 25
41 32
41 41
42 0
42 9
42 12
42 22
42 25
42 35
42 38
43 1
43 9
43 12
43 22
43 25
43 35
43 38
44 2
44 9
44 12
44 22
44 25
44 35
44 38
45 3
45 9
45 12
45 22
45 25
45 35
45 38
46 4
46 9
46 12
46 22
46 25
46 35
46 38
47 5
47 9
47 12
47 22
47 25
47 35
47 38
48 0
48 6
48 16
48 19
48 27
48 32
48 41
49 1
49 6
49 16
49 19
49 27
49 32
49 41
50 2
50 6
50 16
50 19
50 27
50 32
50 41
51 3
51 6
51 16
51 19
51 27
51 32
51 41
52 4
52 6
52 16
52 19
52 27
52 32
52 41
53 5
53 6
53 16
53 19
53 27
53 32
53 41
54 0
54 6
54 16
54 19
54 27
54 35
54 38
55 1
55 6
55 16
55 19
55 27
55 35
55 38
56 2
56 6
56 16
56 19
56 27
56 35
56 38
57 3
57 6
57 16
57 19
57 27
57 35
57 38
58 4
58 6
58 16
58 19
58 27
58 35
58 38
59 5
59 6
59 16
59 19
59 27
59 35
59 38
60 0
60 6
60 16
60 21
60 25
60 32
60 41
61 1
61 6
61 16
61 21
61 25
61 32
61 41
62 2
62 6
62 16
62 21
62 25
62 32
62 41
63 3
63 6
63 16
63 21
63 25
63 32
63 41
64 4
64 6
64 16
64 21
64 25
64 32
64 41
65 5
65 6
65 16
65 21
65 25
65 32
65 41
66 0
66 6
66 16
66 21
66 25
66 35
66 38
67 1
67 6
67 16
67 21
67 25
67 35
67 38
68 2
68 6
68 16
68 21
68 25
68 35
68 38
69 3
69 6
69 16
69 21
69 25
69 35
69 38
70 4
70 6
70 16
70 21
70 25
70 35
70 38
71 5
71 6
71 16
71 21
71 25
71 35
71 38
72 0
72 10
72 12
72 19
72 27
72 32
72 41
73 1
73 10
73 12
73 19
73 27
73 32
73 41
74 2
74 10
74 12
74 19
74 27
74 32
74 41
75 3
75 10
75 12
75 19
75 27
75 32
75 41
76 4
76 10
76 12
76 19
76 27
76 32
76 41
77 5
77 10
77 12
77 19
77 27
77 32
77 41
78 0
78 10
78 12
78 19
78 27
78 35
78 38
79 1
79 10
79 12
79 19
79 27
79 35
79 38
80 2
80 10
80 12
80 19
80 27
80 35
80 38
81 3
81 10
81 12
81 19
81 27
81 35
81 38
82 4
82 10
82 12
82 19
82 27
82 35
82 38
83 5
83 10
83 12
83 19
83 27
83 35
83 38
84 0
84 10
84 12
84 21
84 25
84 32
84 41
85 1
85 10
85 12
85 21
85 25
85 32
85 41
86 2
86 10
86 12
86 21
86 25
86 32
86 41
87 3
87 10
87 12
87 21
87 25
87 32
87 41
88 4
88 10
88 12
88 21
88 25
88 32
88 41
89 5
89 10
89 12
89 21
89 25
89 32
89 41
90 0
90 10
90 12
90 21
90 25
90 35
90 38
91 1
91 10
91 12
91 21
91 25
91 35
91 38
92 2
92 10
92 12
92 21
92 25
92 35
92 38
93 3
93 10
93 12
93 21
93 25
93 35
93 38
94 4
94 10
94 12
94 21
94 25
94 35
94 38
95 5
95 10
95 12
95 21
95 25
95 35
95 38
96 0
96 6
96 16
96 19
96 29
96 32
96 39
97 1
97 6
97 16
97 19
97 29
97 32
97 39
98 2
98 6
98 16
98 19
98 29
98 32
98 39
99 3
99 6
99 16
99 19
99 29
99 32
99 39
100 4
100 6
100 16
100 19
100 29
100 32
100 39
101 5
101 6
101 16
101 19
101 29
101 32
101 39
102 0
102 6
102 16
102 19
102 29
102 33
102 38
103 1
103 6
103 16
103 19
103 29
103 33
103 38
104 2
104 6
104 16
104 19
104 29
104 33
104 38
105 3
105 6
105 16
105 19
105 29
105 33
105 38
106 4
106 6
106 16
106 19
106 29
106 33
106 38
107 5
107 6
107 16
107 19
107 29
107 33
107 38
108 0
108 6
108 16
108 23
108 25
108 32
108 39
109 1
109 6
109 16
109 23
109 25
109 32
109 39
110 2
110 6
110 16
110 23
110 25
110 32
110 39
111 3
111 6
111 16
111 23
111 25
111 32
111 39
112 4
112 6
112 16
112 23
112 25
112 32
112 39
113 5
113 6
113 16
113 23
113 25
113 32
113 39
114 0
114 6
114 16
114 23
114 25
114 33
114 38
115 1
115 6
115 16
115 23
115 25
115 33
115 38
116 2
116 6
116 16
116 23
116 25
116 33
116 38
117 3
117 6
117 16
117 23
117 25
117 33
117 38
118 4
118 6
118 16
118 23
118 25
118 33
118 38
119 5
119 6
119 16
119 23
119 25
119 33
119 38
120 0
120 10
120 12
120 19
120 29
120 32
120 39
121 1
121 10
121 12
121 19
121 29
121 32
121 39
122 2
122 10
122 12
122 19
122 29
122 32
122 39
123 3
123 10
123 12
123 19
123 29
123 32
123 39
124 4
124 10
124 12
124 19
124 29
124 32
124 39
125 5
125 10
125 12
125 19
125 29
125 32
125 39
126 0
126 10
126 12
126 19
126 29
126 33
126 38
127 1
127 10
127 12
127 19
127 29
127 33
127 38
128 2
128 10
128 12
128 19
128 29
128 33
128 38
129 3
129 10
129 12
129 19
129 29
129 33
129 38
130 4
130 10
130 12
130 19
130 29
130 33
130 38
131 5
131 10
131 12
131 19
131 29
131 33
131 38
132 0
132 10
132 12
132 23
132 25
132 32
132 39
133 1
133 10
133 12
133 23
133 25
133 32
133 39
134 2
134 10
134 12
134 23
134 25
134 32
134 39
135 3
135 10
135 12
135 23
135 25
135 32
135 39
136 4
136 10
136 12
136 23
136 25
136 32
136 39
137 5
137 10
137 12
137 23
137 25
137 32
137 39
138 0
138 10
138 12
138 23
138 25
138 33
138 38
139 1
139 10
139 12
139 23
139 25
139 33
139 38
140 2
140 10
140 12
140 23
140 25
140 33
140 38
141 3
141 10
141 12
141 23
141 25
141 33
141 38
142 4
142 10
142 12
142 23
142 25
142 33
142 38
143 5
143 10
143 12
143 23
143 25
143 33
143 38
144 0
144 6
144 15
144 19
144 29
144 32
144 40
145 1
145 6
145 15
145 19
145 29
145 32
145 40
146 2
146 6
146 15
146 19
146 29
146 32
146 40
147 3
147 6
147 15
147 19
147 29
147 32
147 40
148 4
148 6
148 15
148 19
148 29
148 32
148 40
149 5
149 6
149 15
149 19
149 29
149 32
149 40
150 0
150 6
150 15
150 19
150 29
150 34
150 38
151 1
151 6
151 15
151 19
151 29
151 34
151 38
152 2
152 6
152 15
152 19
152 29
152 34
152 38
153 3
153 6
153 15
153 19
153 29
153 34
153 38
154 4
154 6
154 15
154 19
154 29
154 34
154 38
155 5
155 6
155 15
155 19
155 29
155 34
155 38
156 0
156 6
156 15
156 23
156 25
156 32
156 40
157 1
157 6
157 15
157 23
157 25
157 32
157 40
158 2
158 6
158 15
158 23
158 25
158 32
158 40
159 3
159 6
159 15
159 23
159 25
159 32
159 40
160 4
160 6
160 15
160 23
160 25
160 32
160 40
161 5
161 6
161 15
161 23
161 25
161 32
161 40
162 0
162 6
162 15
162 23
162 25
162 34
162 38
163 1
163 6
163 15
163 23
163 25
163 34
163 38
164 2
164 6
164 15
164 23
164 25
164 34
164 38
165 3
165 6
165 15
165 23
165 25
165 34
165 38
166 4
166 6
166 15
166 23
166 25
166 34
166 38
167 5
167 6
167 15
167 23
167 25
167 34
167 38
168 0
168 9
168 12
168 19
168 29
168 32
168 40
169 1
169 9
169 12
169 19
169 29
169 32
169 40
170 2
170 9
170 12
170 19
170 29
170 32
170 40
171 3
171 9
171 12
171 19
171 29
171 32
171 40
172 4
172 9
172 12
172 19
172 29
172 32
172 40
173 5
173 9
173 12
173 19
173 29
173 32
173 40
174 0
174 9
174 12
174 19
174 29
174 34
174 38
175 1
175 9
175 12
175 19
175 29
175 34
175 38
176 2
176 9
176 12
176 19
176 29
176 34
176 38
177 3
177 9
177 12
177 19
177 29
177 34
177 38
178 4
178 9
178 12
178 19
178 29
178 34
178 38
179 5
179 9
179 12
179 19
179 29
179 34
179 38
180 0
180 9
180 12
180 23
180 25
180 32
180 40
181 1
181 9
181 12
181 23
181 25
181 32
181 40
182 2
182 9
182 12
182 23
182 25
182 32
182 40
183 3
183 9
183 12
183 23
183 25
183 32
183 40
184 4
184 9
184 12
184 23
184 25
184 32
184 40
185 5
185 9
185 12
185 23
185 25
185 32
185 40
186 0
186 9
186 12
186 23
186 25
186 34
186 38
187 1
187 9
187 12
187 23
187 25
187 34
187 38
188 2
188 9
188 12
188 23
188 25
188 34
188 38
189 3
189 9
189 12
189 23
189 25
189 34
189 38
190 4
190 9
190 12
190 23
190 25
190 34
190 38
191 5
191 9
191 12
191 23
191 25
191 34
191 38
192 0
192 6
192 17
192 19
192 27
192 32
192 40
193 1
193 6
193 17
193 19
193 27
193 32
193 40
194 2
194 6
194 17
194 19
194 27
194 32
194 40
195 3
195 6
195 17
195 19
195 27
195 32
195 40
196 4
196 6
196 17
196 19
196 27
196 32
196 40
197 5
197 6
197 17
197 19
197 27
197 32
197 40
198 0
198 6
198 17
198 19
198 27
198 34
198 38
199 1
199 6
199 17
199 19
199 27
199 34
199 38
200 2
200 6
200 17
200 19
200 27
200 34
200 38
201 3
201 6
201 17
201 19
201 27
201 34
201 38
202 4
202 6
202 17
202 19
202 27
202 34
202 38
203 5
203 6
203 17
203 19
203 27
203 34
203 38
204 0
204 6
204 17
204 21
204 25
204 32
204 40
205 1
205 6
205 17
205 21
205 25
205 32
205 40
206 2
206 6
206 17
206 21
206 25
206 32
206 40
207 3
207 6
207 17
207 21
207 25
207 32
207 40
208 4
208 6
208 17
208 21
208 25
208 32
208 40
209 5
209 6
209 17
209 21
209 25
209 32
209 40
210 0
210 6
210 17
210 21
210 25
210 34
210 38
211 1
211 6
211 17
211 21
211 25
211 34
211 38
212 2
212 6
212 17
212 21
212 25
212 34
212 38
213 3
213 6
213 17
213 21
213 25
213 34
213 38
214 4
214 6
214 17
214 21
214 25
214 34
214 38
215 5
215 6
215 17
215 21
215 25
215 34
215 38
216 0
216 11
216 12
216 19
216 27
216 32
216 40
217 1
217 11
217 12
217 19
217 27
217 32
217 40
218 2
218 11
218 12
218 19
218 27
218 32
218 40
219 3
219 11
219 12
219 19
219 27
219 32
219 40
220 4
220 11
220 12
220 19
220 27
220 32
220 40
221 5
221 11
221 12
221 19
221 27
221 32
221 40
222 0
222 11
222 12
222 19
222 27
222 34
222 38
223 1
223 11
223 12
223 19
223 27
223 34
223 38
224 2
224 11
224 12
224 19
224 27
224 34
224 38
225 3
225 11
225 12
225 19
225 27
225 34
225 38
226 4
226 11
226 12
226 19
226 27
226 34
226 38
227 5
227 11
227 12
227 19
227 27
227 34
227 38
228 0
228 11
228 12
228 21
228 25
228 32
228 40
229 1
229 11
229 12
229 21
229 25
229 32
229 40
230 2
230 11
230 12
230 21
230 25
230 32
230 40
231 3
231 11
231 12
231 21
231 25
231 32
231 40
232 4
232 11
232 12
232 21
232 25
232 32
232 40
233 5
233 11
233 12
233 21
233 25
233 32
233 40
234 0
234 11
234 12
234 21
234 25
234 34
234 38
235 1
235 11
235 12
235 21
235 25
235 34
235 38
236 2
236 11
236 12
236 21
236 25
236 34
236 38
237 3
237 11
237 12
237 21
237 25
237 34
237 38
238 4
238 11
238 12
238 21
238 25
238 34
238 38
239 5
239 11
239 12
239 21
239 25
239 34
239 38
240 0
240 6
240 17
240 19
240 28
240 32
240 39
241 1
241 6
241 17
241 19
241 28
241 32
241 39
242 2
242 6
242 17
242 19
242 28
242 32
242 39
243 3
243 6
243 17
243 19
243 28
243 32
243 39
244 4
244 6
244 17
244 19
244 28
244 32
244 39
245 5
245 6
245 17
245 19
245 28
245 32
245 39
246 0
246 6
246 17
246 19
246 28
246 33
246 38
247 1
247 6
247 17
247 19
247 28
247 33
247 38
248 2
248 6
248 17
248 19
248 28
248 33
248 38
249 3
249 6
249 17
249 19
249 28
249 33
249 38
250 4
250 6
250 17
250 19
250 28
250 33
250 38
251 5
251 6
251 17
251 19
251 28
251 33
251 38
252 0
252 6
252 17
252 22
252 25
252 32
252 39
253 1
253 6
253 17
253 22
253 25
253 32
253 39
254 2
254 6
254 17
254 22
254 25
254 32
254 39
255 3
255 6
255 17
255 22
255 25
255 32
255 39
256 4
256 6
256 17
256 22
256 25
256 32
256 39
257 5
257 6
257 17
257 22
257 25
257 32
257 39
258 0
258 6
258 17
258 22
258 25
258 33
258 38
259 1
259 6
259 17
259 22
259 25
259 33
259 38
260 2
260 6
260 17
260 22
260 25
260 33
260 38
261 3
261 6
261 17
261 22
261 25
261 33
261 38
262 4
262 6
262 17
262 22
262 25
262 33
262 38
263 5
263 6
263 17
263 22
263 25
263 33
263 38
264 0
264 11
264 12
264 19
264 28
264 32
264 39
265 1
265 11
265 12
265 19
265 28
265 32
265 39
266 2
266 11
266 12
266 19
266 28
266 32
266 39
267 3
267 11
267 12
267 19
267 28
267 32
267 39
268 4
268 11
268 12
268 19
268 28
268 32
268 39
269 5
269 11
269 12
269 19
269 28
269 32
269 39
270 0
270 11
270 12
270 19
270 28
270 33
270 38
271 1
271 11
271 12
271 19
271 28
271 33
271 38
272 2
272 11
272 12
272 19
272 28
272 33
272 38
273 3
273 11
273 12
273 19
273 28
273 33
273 38
274 4
274 11
274 12
274 19
274 28
274 33
274 38
275 5
275 11
275 12
275 19
275 28
275 33
275 38
276 0
276 11
276 12
276 22
276 25
276 32
276 39
277 1
277 11
277 12
277 22
277 25
277 32
277 39
278 2
278 11
278 12
278 22
278 25
278 32
278 39
279 3
279 11
279 12
279 22
279 25
279 32
279 39
280 4
280 11
280 12
280 22
280 25
280 32
280 39
281 5
281 11
281 12
281 22
281 25
281 32
281 39
282 0
282 11
282 12
282 22
282 25
282 33
282 38
283 1
283 11
283 12
283 22
283 25
283 33
283 38
284 2
284 11
284 12
284 22
284 25
284 33
284 38
285 3
285 11
285 12
285 22
285 25
285 33
285 38
286 4
286 11
286 12
286 22
286 25
286 33
286 38
287 5
287 11
287 12
287 22
287 25
287 33
287 38
288 0
288 7
288 15
288 18
288 28
288 32
288 41
289 1
289 7
289 15
289 18
289 28
289 32
289 41
290 2
290 7
290 15
290 18
290 28
290 32
290 41
291 3
291 7
291 15
291 18
291 28
291 32
291 41
292 4
292 7
292 15
292 18
292 28
292 32
292 41
293 5
293 7
293 15
293 18
293 28
293 32
293 41
294 0
294 7
294 15
294 18
294 28
294 35
294 38
295 1
295 7
295 15
295 18
295 28
295 35
295 38
296 2
296 7
296 15
296 18
296 28
296 35
296 38
297 3
297 7
297 15
297 18
297 28
297 35
297 38
298 4
298 7
298 15
298 18
298 28
298 35
298 38
299 5
299 7
299 15
299 18
299 28
299 35
299 38
300 0
300 7
300 15
300 22
300 24
300 32
300 41
301 1
301 7
301 15
301 22
301 24
301 32
301 41
302 2
302 7
302 15
302 22
302 24
302 32
302 41
303 3
303 7
303 15
303 22
303 24
303 32
303 41
304 4
304 7
304 15
304 22
304 24
304 32
304 41
305 5
305 7
305 15
305 22
305 24
305 32
305 41
306 0
306 7
306 15
306 22
306 24
306 35
306 38
307 1
307 7
307 15
307 22
307 24
307 35
307 38
308 2
308 7
308 15
308 22
308 24
308 35
308 38
309 3
309 7
309 15
309 22
309 24
309 35
309 38
310 4
310 7
310 15
310 22
310 24
310 35
310 38
311 5
311 7
311 15
311 22
311 24
311 35
311 38
312 0
312 9
312 13
312 18
312 28
312 32
312 41
313 1
313 9
313 13
313 18
313 28
313 32
313 41
314 2
314 9
314 13
314 18
314 28
314 32
314 41
315 3
315 9
315 13
315 18
315 28
315 32
315 41
316 4
316 9
316 13
316 18
316 28
316 32
316 41
317 5
317 9
317 13
317 18
317 28
317 32
317 41
318 0
318 9
318 13
318 18
318 28
318 35
318 38
319 1
319 9
319 13
319 18
319 28
319 35
319 38
320 2
320 9
320 13
320 18
320 28
320 35
320 38
321 3
321 9
321 13
321 18
321 28
321 35
321 38
322 4
322 9
322 13
322 18
322 28
322 35
322 38
323 5
323 9
323 13
323 18
323 28
323 35
323 38
324 0
324 9
324 13
324 22
324 24
324 32
324 41
325 1
325 9
325 13
325 22
325 24
325 32
325 41
326 2
326 9
326 13
326 22
326 24
326 32
326 41
327 3
327 9
327 13
327 22
327 24
327 32
327 41
328 4
328 9
328 13
328 22
328 24
328 32
328 41
329 5
329 9
329 13
329 22
329 24
329 32
329 41
330 0
330 9
330 13
330 22
330 24
330 35
330 38
331 1
331 9
331 13
331 22
331 24
331 35
331 38
332 2
332 9
332 13
332 22
332 24
332 35
332 38
333 3
333 9
333 13
333 22
333 24
333 35
333 38
334 4
334 9
334 13
334 22
334 24
334 35
334 38
335 5
335 9
335 13
335 22
335 24
335 35
335 38
336 0
336 7
336 16
336 18
336 27
336 32
336 41
337 1
337 7
337 16
337 18
337 27
337 32
337 41
338 2
338 7
338 16
338 18
338 27
338 32
338 41
339 3
339 7
339 16
339 18
339 27
339 32
339 41
340 4
340 7
340 16
340 18
340 27
340 32
340 41
341 5
341 7
341 16
341 18
341 27
341 32
341 41
342 0
342 7
342 16
342 18
342 27
342 35
342 38
343 1
343 7
343 16
343 18
343 27
343 35
343 38
344 2
344 7
344 16
344 18
344 27
344 35
344 38
345 3
345 7
345 16
345 18
345 27
345 35
345 38
346 4
346 7
346 16
346 18
346 27
346 35
346 38
347 5
347 7
347 16
347 18
347 27
347 35
347 38
348 0
348 7
348 16
348 21
348 24
348 32
348 41
349 1
349 7
349 16
349 21
349 24
349 32
349 41
350 2
350 7
350 16
350 21
350 24
350 32
350 41
351 3
351 7
351 16
351 21
351 24
351 32
351 41
352 4
352 7
352 16
352 21
352 24
352 32
352 41
353 5
353 7
353 16
353 21
353 24
353 32
353 41
354 0
354 7
354 16
354 21
354 24
354 35
354 38
355 1
355 7
355 16
355 21
355 24
355 35
355 38
356 2
356 7
356 16
356 21
356 24
356 35
356 38
357 3
357 7
357 16
357 21
357 24
357 35
357 38
358 4
358 7
358 16
358 21
358 24
358 35
358 38
359 5
359 7
359 16
359 21
359 24
359 35
359 38
360 0
360 10
360 13
360 18
360 27
360 32
360 41
361 1
361 10
361 13
361 18
361 27
361 32
361 41
362 2
362 10
362 13
362 18
362 27
362 32
362 41
363 3
363 10
363 13
363 18
363 27
363 32
363 41
364 4
364 10
364 13
364 18
364 27
364 32
364 41
365 5
365 10
365 13
365 18
365 27
365 32
365 41
366 0
366 10
366 13
366 18
366 27
366 35
366 38
367 1
367 10
367 13
367 18
367 27
367 35
367 38
368 2
368 10
368 13
368 18
368 27
368 35
368 38
369 3
369 10
369 13
369 18
369 27
369 35
369 38
370 4
370 10
370 13
370 18
370 27
370 35
370 38
371 5
371 10
371 13
371 18
371 27
371 35
371 38
372 0
372 10
372 13
372 21
372 24
372 32
372 41
373 1
373 10
373 13
373 21
373 24
373 32
373 41
374 2
374 10
374 13
374 21
374 24
374 32
374 41
375 3
375 10
375 13
375 21
375 24
375 32
375 41
376 4
376 10
376 13
376 21
376 24
376 32
376 41
377 5
377 10
377 13
377 21
377 24
377 32
377 41
378 0
378 10
378 13
378 21
378 24
378 35
378 38
379 1
379 10
379 13
379 21
379 24
379 35
379 38
380 2
380 10
380 13
380 21
380 24
380 35
380 38
381 3
381 10
381 13
381 21
381 24
381 35
381 38
382 4
382 10
382 13
382 21
382 24
382 35
382 38
383 5
383 10
383 13
383 21
383 24
383 35
383 38
384 0
384 7
384 16
384 18
384 29
384 32
384 39
385 1
385 7
385 16
385 18
385 29
385 32
385 39
386 2
386 7
386 16
386 18
386 29
386 32
386 39
387 3
387 7
387 16
387 18
387 29
387 32
387 39
388 4
388 7
388 16
388 18
388 29
388 32
388 39
389 5
389 7
389 16
389 18
389 29
389 32
389 39
390 0
390 7
390 16
390 18
390 29
390 33
390 38
391 1
391 7
391 16
391 18
391 29
391 33
391 38
392 2
392 7
392 16
392 18
392 29
392 33
392 38
393 3
393 7
393 16
393 18
393 29
393 33
393 38
394 4
394 7
394 16
394 18
394 29
394 33
394 38
395 5
395 7
395 16
395 18
395 29
395 33
395 38
396 0
396 7
396 16
396 23
396 24
396 32
396 39
397 1
397 7
397 16
397 23
397 24
397 32
397 39
398 2
398 7
398 16
398 23
398 24
398 32
398 39
399 3
399 7
399 16
399 23
399 24
399 32
399 39
400 4
400 7
400 16
400 23
400 24
400 32
400 39
401 5
401 7
401 16
401 23
401 24
401 32
401 39
402 0
402 7
402 16
402 23
402 24
402 33
402 38
403 1
403 7
403 16
403 23
403 24
403 33
403 38
404 2
404 7
404 16
404 23
404 24
404 33
404 38
405 3
405 7
405 16
405 23
405 24
405 33
405 38
406 4
406 7
406 16
406 23
406 24
406 33
406 38
407 5
407 7
407 16
407 23
407 24
407 33
407 38
408 0
408 10
408 13
408 18
408 29
408 32
408 39
409 1
409 10
409 13
409 18
409 29
409 32
409 39
410 2
410 10
410 13
410 18
410 29
410 32
410 39
411 3
411 10
411 13
411 18
411 29
411 32
411 39
412 4
412 10
412 13
412 18
412 29
412 32
412 39
413 5
413 10
413 13
413 18
413 29
413 32
413 39
414 0
414 10
414 13
414 18
414 29
414 33
414 38
415 1
415 10
415 13
415 18
415 29
415 33
415 38
416 2
416 10
416 13
416 18
416 29
416 33
416 38
417 3
417 10
417 13
417 18
417 29
417 33
417 38
418 4
418 10
418 13
418 18
418 29
418 33
418 38
419 5
419 10
419 13
419 18
419 29
419 33
419 38
420 0
420 10
420 13
420 23
420 24
420 32
420 39
421 1
421 10
421 13
421 23
421 24
421 32
421 39
422 2
422 10
422 13
422 23
422 24
422 32
422 39
423 3
423 10
423 13
423 23
423 24
423 32
423 39
424 4
424 10
424 13
424 23
424 24
424 32
424 39
425 5
425 10
425 13
425 23
425 24
425 32
425 39
426 0
426 10
426 13
426 23
426 24
426 33
426 38
427 1
427 10
427 13
427 23
427 24
427 33
427 38
428 2
428 10
428 13
428 23
428 24
428 33
428 38
429 3
429 10
429 13
429 23
429 24
429 33
429 38
430 4
430 10
430 13
430 23
430 24
430 33
430 38
431 5
431 10
431 13
431 23
431 24
431 33
431 38
432 0
432 7
432 15
432 18
432 29
432 32
432 40
433 1
433 7
433 15
433 18
433 29
433 32
433 40
434 2
434 7
434 15
434 18
434 29
434 32
434 40
435 3
435 7
435 15
435 18
435 29
435 32
435 40
436 4
436 7
436 15
436 18
436 29
436 32
436 40
437 5
437 7
437 15
437 18
437 29
437 32
437 40
438 0
438 7
438 15
438 18
438 29
438 34
438 38
439 1
439 7
439 15
439 18
439 29
439 34
439 38
440 2
440 7
440 15
440 18
440 29
440 34
440 38
441 3
441 7
441 15
441 18
441 29
441 34
441 38
442 4
442 7
442 15
442 18
442 29
442 34
442 38
443 5
443 7
443 15
443 18
443 29
443 34
443 38
444 0
444 7
444 15
444 23
444 24
444 32
444 40
445 1
445 7
445 15
445 23
445 24
445 32
445 40
446 2
446 7
446 15
446 23
446 24
446 32
446 40
447 3
447 7
447 15
447 23
447 24
447 32
447 40
448 4
448 7
448 15
448 23
448 24
448 32
448 40
449 5
449 7
449 15
449 23
449 24
449 32
449 40
450 0
450 7
450 15
450 23
450 24
450 34
450 38
451 1
451 7
451 15
451 23
451 24
451 34
451 38
452 2
452 7
452 15
452 23
452 24
452 34
452 38
453 3
453 7
453 15
453 23
453 24
453 34
453 38
454 4
454 7
454 15
454 23
454 24
454 34
454 38
455 5
455 7
455 15
455 23
455 24
455 34
455 38
456 0
456 9
456 13
456 18
456 29
456 32
456 40
457 1
457 9
457 13
457 18
457 29
457 32
457 40
458 2
458 9
458 13
458 18
458 29
458 32
458 40
459 3
459 9
459 13
459 18
459 29
459 32
459 40
460 4
460 9
460 13
460 18
460 29
460 32
460 40
461 5
461 9
461 13
461 18
461 29
461 32
461 40
462 0
462 9
462 13
462 18
462 29
462 34
462 38
463 1
463 9
463 13
463 18
463 29
463 34
463 38
464 2
464 9
464 13
464 18
464 29
464 34
464 38
465 3
465 9
465 13
465 18
465 29
465 34
465 38
466 4
466 9
466 13
466 18
466 29
466 34
466 38
467 5
467 9
467 13
467 18
467 29
467 34
467 38
468 0
468 9
468 13
468 23
468 24
468 32
468 40
469 1
469 9
469 13
469 23
469 24
469 32
469 40
470 2
470 9
470 13
470 23
470 24
470 32
470 40
471 3
471 9
471 13
471 23
471 24
471 32
471 40
472 4
472 9
472 13
472 23
472 24
472 32
472 40
473 5
473 9
473 13
473 23
473 24
473 32
473 40
474 0
474 9
474 13
474 23
474 24
474 34
474 38
475 1
475 9
475 13
475 23
475 24
475 34
475 38
476 2
476 9
476 13
476 23
476 24
476 34
476 38
477 3
477 9
477 13
477 23
477 24
477 34
477 38
478 4
478 9
478 13
478 23
478 24
478 34
478 38
479 5
479 9
479 13
479 23
479 24
479 34
479 38
480 0
480 7
480 17
480 18
480 27
480 32
480 40
481 1
481 7
481 17
481 18
481 27
481 32
481 40
482 2
482 7
482 17
482 18
482 27
482 32
482 40
483 3
483 7
483 17
483 18
483 27
483 32
483 40
484 4
484 7
484 17
484 18
484 27
484 32
484 40
485 5
485 7
485 17
485 18
485 27
485 32
485 40
486 0
486 7
486 17
486 18
486 27
486 34
486 38
487 1
487 7
487 17
487 18
487 27
487 34
487 38
488 2
488 7
488 17
488 18
488 27
488 34
488 38
489 3
489 7
489 17
489 18
489 27
489 34
489 38
490 4
490 7
490 17
490 18
490 27
490 34
490 38
491 5
491 7
491 17
491 18
491 27
491 34
491 38
492 0
492 7
492 17
492 21
492 24
492 32
492 40
493 1
493 7
493 17
493 21
493 24
493 32
493 40
494 2
494 7
494 17
494 21
494 24
494 32
494 40
495 3
495 7
495 17
495 21
495 24
495 32
495 40
496 4
496 7
496 17
496 21
496 24
496 32
496 40
497 5
497 7
497 17
497 21
497 24
497 32
497 40
498 0
498 7
498 17
498 21
498 24
498 34
498 38
499 1
499 7
499 17
499 21
499 24
499 34
499 38
500 2
500 7
500 17
500 21
500 24
500 34
500 38
501 3
501 7
501 17
501 21
501 24
501 34
501 38
502 4
502 7
502 17
502 21
502 24
502 34
502 38
503 5
503 7
503 17
503 21
503 24
503 34
503 38
504 0
504 11
504 13
504 18
504 27
504 32
504 40
505 1
505 11
505 13
505 18
505 27
505 32
505 40
506 2
506 11
506 13
506 18
506 27
506 32
506 40
507 3
507 11
507 13
507 18
507 27
507 32
507 40
508 4
508 11
508 13
508 18
508 27
508 32
508 40
509 5
509 11
509 13
509 18
509 27
509 32
509 40
510 0
510 11
510 13
510 18
510 27
510 34
510 38
511 1
511 11
511 13
511 18
511 27
511 34
511 38
512 2
512 11
512 13
512 18
512 27
512 34
512 38
513 3
513 11
513 13
513 18
513 27
513 34
513 38
514 4
514 11
514 13
514 18
514 27
514 34
514 38
515 5
515 11
515 13
515 18
515 27
515 34
515 38
516 0
516 11
516 13
516 21
516 24
516 32
516 40
517 1
517 11
517 13
517 21
517 24
517 32
517 40
518 2
518 11
518 13
518 21
518 24
518 32
518 40
519 3
519 11
519 13
519 21
519 24
519 32
519 40
520 4
520 11
520 13
520 21
520 24
520 32
520 40
521 5
521 11
521 13
521 21
521 24
521 32
521 40
522 0
522 11
522 13
522 21
522 24
522 34
522 38
523 1
523 11
523 13
523 21
523 24
523 34
523 38
524 2
524 11
524 13
524 21
524 24
524 34
524 38
525 3
525 11
525 13
525 21
525 24
525 34
525 38
526 4
526 11
526 13
526 21
526 24
526 34
526 38
527 5
527 11
527 13
527 21
527 24
527 34
527 38
528 0
528 7
528 17
528 18
528 28
528 32
528 39
529 1
529 7
529 17
529 18
529 28
529 32
529 39
530 2
530 7
530 17
530 18
530 28
530 32
530 39
531 3
531 7
531 17
531 18
531 28
531 32
531 39
532 4
532 7
532 17
532 18
532 28
532 32
532 39
533 5
533 7
533 17
533 18
533 28
533 32
533 39
534 0
534 7
534 17
534 18
534 28
534 33
534 38
535 1
535 7
535 17
535 18
535 28
535 33
535 38
536 2
536 7
536 17
536 18
536 28
536 33
536 38
537 3
537 7
537 17
537 18
537 28
537 33
537 38
538 4
538 7
538 17
538 18
538 28
538 33
538 38
539 5
539 7
539 17
539 18
539 28
539 33
539 38
540 0
540 7
540 17
540 22
540 24
540 32
540 39
541 1
541 7
541 17
541 22
541 24
541 32
541 39
542 2
542 7
542 17
542 22
542 24
542 32
542 39
543 3
543 7
543 17
543 22
543 24
543 32
543 39
544 4
544 7
544 17
544 22
544 24
544 32
544 39
545 5
545 7
545 17
545 22
545 24
545 32
545 39
546 0
546 7
546 17
546 22
546 24
546 33
546 38
547 1
547 7
547 17
547 22
547 24
547 33
547 38
548 2
548 7
548 17
548 22
548 24
548 33
548 38
549 3
549 7
549 17
549 22
549 24
549 33
549 38
550 4
550 7
550 17
550 22
550 24
550 33
550 38
551 5
551 7
551 17
551 22
551 24
551 33
551 38
552 0
552 11
552 13
552 18
552 28
552 32
552 39
553 1
553 11
553 13
553 18
553 28
553 32
553 39
554 2
554 11
554 13
554 18
554 28
554 32
554 39
555 3
555 11
555 13
555 18
555 28
555 32
555 39
556 4
556 11
556 13
556 18
556 28
556 32
556 39
557 5
557 11
557 13
557 18
557 28
557 32
557 39
558 0
558 11
558 13
558 18
558 28
558 33
558 38
559 1
559 11
559 13
559 18
559 28
559 33
559 38
560 2
560 11
560 13
560 18
560 28
560 33
560 38
561 3
561 11
561 13
561 18
561 28
561 33
561 38
562 4
562 11
562 13
562 18
562 28
562 33
562 38
563 5
563 11
563 13
563 18
563 28
563 33
563 38
564 0
564 11
564 13
564 22
564 24
564 32
564 39
565 1
565 11
565 13
565 22
565 24
565 32
565 39
566 2
566 11
566 13
566 22
566 24
566 32
566 39
567 3
567 11
567 13
567 22
567 24
567 32
567 39
568 4
568 11
568 13
568 22
568 24
568 32
568 39
569 5
569 11
569 13
569 22
569 24
569 32
569 39
570 0
570 11
570 13
570 22
570 24
570 33
570 38
571 1
571 11
571 13
571 22
571 24
571 33
571 38
572 2
572 11
572 13
572 22
572 24
572 33
572 38
573 3
573 11
573 13
573 22
573 24
573 33
573 38
574 4
574 11
574 13
574 22
574 24
574 33
574 38
575 5
575 11
575 13
575 22
575 24
575 33
575 38
576 0
576 7
576 15
576 20
576 28
576 30
576 41
577 1
577 7
577 15
577 20
577 28
577 30
577 41
578 2
578 7
578 15
578 20
578 28
578 30
578 41
579 3
579 7
579 15
579 20
579 28
579 30
579 41
580 4
580 7
580 15
580 20
580 28
580 30
580 41
581 5
581 7
581 15
581 20
581 28
581 30
581 41
582 0
582 7
582 15
582 20
582 28
582 35
582 36
583 1
583 7
583 15
583 20
583 28
583 35
583 36
584 2
584 7
584 15
584 20
584 28
584 35
584 36
585 3
585 7
585 15
585 20
585 28
585 35
585 36
586 4
586 7
586 15
586 20
586 28
586 35
586 36
587 5
587 7
587 15
587 20
587 28
587 35
587 36
588 0
588 7
588 15
588 22
588 26
588 30
588 41
589 1
589 7
589 15
589 22
589 26
589 30
589 41
590 2
590 7
590 15
590 22
590 26
590 30
590 41
591 3
591 7
591 15
591 22
591 26
591 30
591 41
592 4
592 7
592 15
592 22
592 26
592 30
592 41
593 5
593 7
593 15
593 22
593 26
593 30
593 41
594 0
594 7
594 15
594 22
594 26
594 35
594 36
595 1
595 7
595 15
595 22
595 26
595 35
595 36
596 2
596 7
596 15
596 22
596 26
596 35
596 36
597 3
597 7
597 15
597 22
597 26
597 35
597 36
598 4
598 7
598 15
598 22
598 26
598 35
598 36
599 5
599 7
599 15
599 22
599 26
599 35
599 36
600 0
600 9
600 13
600 20
600 28
600 30
600 41
601 1
601 9
601 13
601 20
601 28
601 30
601 41
602 2
602 9
602 13
602 20
602 28
602 30
602 41
603 3
603 9
603 13
603 20
603 28
603 30
603 41
604 4
604 9
604 13
604 20
604 28
604 30
604 41
605 5
605 9
605 13
605 20
605 28
605 30
605 41
606 0
606 9
606 13
606 20
606 28
606 35
606 36
607 1
607 9
607 13
607 20
607 28
607 35
607 36
608 2
608 9
608 13
608 20
608 28
608 35
608 36
609 3
609 9
609 13
609 20
609 28
609 35
609 36
610 4
610 9
610 13
610 20
610 28
610 35
610 36
611 5
611 9
611 13
611 20
611 28
611 35
611 36
612 0
612 9
612 13
612 22
612 26
612 30
612 41
613 1
613 9
613 13
613 22
613 26
613 30
613 41
614 2
614 9
614 13
614 22
614 26
614 30
614 41
615 3
615 9
615 13
615 22
615 26
615 30
615 41
616 4
616 9
616 13
616 22
616 26
616 30
616 41
617 5
617 9
617 13
617 22
617 26
617 30
617 41
618 0
618 9
618 13
618 22
618 26
618 35
618 36
619 1
619 9
619 13
619 22
619 26
619 35
619 36
620 2
620 9
620 13
620 22
620 26
620 35
620 36
621 3
621 9
621 13
621 22
621 26
621 35
621 36
622 4
622 9
622 13
622 22
622 26
622 35
622 36
623 5
623 9
623 13
623 22
623 26
623 35
623 36
624 0
624 7
624 16
624 20
624 27
624 30
624 41
625 1
625 7
625 16
625 20
625 27
625 30
625 41
626 2
626 7
626 16
626 20
626 27
626 30
626 41
627 3
627 7
627 16
627 20
627 27
627 30
627 41
628 4
628 7
628 16
628 20
628 27
628 30
628 41
629 5
629 7
629 16
629 20
629 27
629 30
629 41
630 0
630 7
630 16
630 20
630 27
630 35
630 36
631 1
631 7
631 16
631 20
631 27
631 35
631 36
632 2
632 7
632 16
632 20
632 27
632 35
632 36
633 3
633 7
633 16
633 20
633 27
633 35
633 36
634 4
634 7
634 16
634 20
634 27
634 35
634 36
635 5
635 7
635 16
635 20
635 27
635 35
635 36
636 0
636 7
636 16
636 21
636 26
636 30
636 41
637 1
637 7
637 16
637 21
637 26
637 30
637 41
638 2
638 7
638 16
638 21
638 26
638 30
638 41
639 3
639 7
639 16
639 21
639 26
639 30
639 41
640 4
640 7
640 16
640 21
640 26
640 30
640 41
641 5
641 7
641 16
641 21
641 26
641 30
641 41
642 0
642 7
642 16
642 21
642 26
642 35
642 36
643 1
643 7
643 16
643 21
643 26
643 35
643 36
644 2
644 7
644 16
644 21
644 26
644 35
644 36
645 3
645 7
645 16
645 21
645 26
645 35
645 36
646 4
646 7
646 16
646 21
646 26
646 35
646 36
647 5
647 7
647 16
647 21
647 26
647 35
647 36
648 0
648 10
648 13
648 20
648 27
648 30
648 41
649 1
649 10
649 13
649 20
649 27
649 30
649 41
650 2
650 10
650 13
650 20
650 27
650 30
650 41
651 3
651 10
651 13
651 20
651 27
651 30
651 41
652 4
652 10
652 13
652 20
652 27
652 30
652 41
653 5
653 10
653 13
653 20
653 27
653 30
653 41
654 0
654 10
654 13
654 20
654 27
654 35
654 36
655 1
655 10
655 13
655 20
655 27
655 35
655 36
656 2
656 10
656 13
656 20
656 27
656 35
656 36
657 3
657 10
657 13
657 20
657 27
657 35
657 36
658 4
658 10
658 13
658 20
658 27
658 35
658 36
659 5
659 10
659 13
659 20
659 27
659 35
659 36
660 0
660 10
660 13
660 21
660 26
660 30
660 41
661 1
661 10
661 13
661 21
661 26
661 30
661 41
662 2
662 10
662 13
662 21
662 26
662 30
662 41
663 3
663 10
663 13
663 21
663 26
663 30
663 41
664 4
664 10
664 13
664 21
664 26
664 30
664 41
665 5
665 10
665 13
665 21
665 26
665 30
665 41
666 0
666 10
666 13
666 21
666 26
666 35
666 36
667 1
667 10
667 13
667 21
667 26
667 35
667 36
668 2
668 10
668 13
668 21
668 26
668 35
668 36
669 3
669 10
669 13
669 21
669 26
669 35
669 36
670 4
670 10
670 13
670 21
670 26
670 35
670 36
671 5
671 10
671 13
671 21
671 26
671 35
671 36
672 0
672 7
672 16
672 20
672 29
672 30
672 39
673 1
673 7
673 16
673 20
673 29
673 30
673 39
674 2
674 7
674 16
674 20
674 29
674 30
674 39
675 3
675 7
675 16
675 20
675 29
675 30
675 39
676 4
676 7
676 16
676 20
676 29
676 30
676 39
677 5
677 7
677 16
677 20
677 29
677 30
677 39
678 0
678 7
678 16
678 20
678 29
678 33
678 36
679 1
679 7
679 16
679 20
679 29
679 33
679 36
680 2
680 7
680 16
680 20
680 29
680 33
680 36
681 3
681 7
681 16
681 20
681 29
681 33
681 36
682 4
682 7
682 16
682 20
682 29
682 33
682 36
683 5
683 7
683 16
683 20
683 29
683 33
683 36
684 0
684 7
684 16
684 23
684 26
684 30
684 39
685 1
685 7
685 16
685 23
685 26
685 30
685 39
686 2
686 7
686 16
686 23
686 26
686 30
686 39
687 3
687 7
687 16
687 23
687 26
687 30
687 39
688 4
688 7
688 16
688 23
688 26
688 30
688 39
689 5
689 7
689 16
689 23
689 26
689 30
689 39
690 0
690 7
690 16
690 23
690 26
690 33
690 36
691 1
691 7
691 16
691 23
691 26
691 33
691 36
692 2
692 7
692 16
692 23
692 26
692 33
692 36
693 3
693 7
693 16
693 23
693 26
693 33
693 36
694 4
694 7
694 16
694 23
694 26
694 33
694 36
695 5
695 7
695 16
695 23
695 26
695 33
695 36
696 0
696 10
696 13
696 20
696 29
696 30
696 39
697 1
697 10
697 13
697 20
697 29
697 30
697 39
698 2
698 10
698 13
698 20
698 29
698 30
698 39
699 3
699 10
699 13
699 20
699 29
699 30
699 39
700 4
700 10
700 13
700 20
700 29
700 30
700 39
701 5
701 10
701 13
701 20
701 29
701 30
701 39
702 0
702 10
702 13
702 20
702 29
702 33
702 36
703 1
703 10
703 13
703 20
703 29
703 33
703 36
704 2
704 10
704 13
704 20
704 29
704 33
704 36
705 3
705 10
705 13
705 20
705 29
705 33
705 36
706 4
706 10
706 13
706 20
706 29
706 33
706 36
707 5
707 10
707 13
707 20
707 29
707 33
707 36
708 0
708 10
708 13
708 23
708 26
708 30
708 39
709 1
709 10
709 13
709 23
709 26
709 30
709 39
710 2
710 10
710 13
710 23
710 26
710 30
710 39
711 3
711 10
711 13
711 23
711 26
711 30
711 39
712 4
712 10
712 13
712 23
712 26
712 30
712 39
713 5
713 10
713 13
713 23
713 26
713 30
713 39
714 0
714 10
714 13
714 23
714 26
714 33
714 36
715 1
715 10
715 13
715 23
715 26
715 33
715 36
716 2
716 10
716 13
716 23
716 26
716 33
716 36
717 3
717 10
717 13
717 23
717 26
717 33
717 36
718 4
718 10
718 13
718 23
718 26
718 33
718 36
719 5
719 10
719 13
719 23
719 26
719 33
719 36
720 0
720 7
720 15
720 20
720 29
720 30
720 40
721 1
721 7
721 15
721 20
721 29
721 30
721 40
722 2
722 7
722 15
722 20
722 29
722 30
722 40
723 3
723 7
723 15
723 20
723 29
723 30
723 40
724 4
724 7
724 15
724 20
724 29
724 30
724 40
725 5
725 7
725 15
725 20
725 29
725 30
725 40
726 0
726 7
726 15
726 20
726 29
726 34
726 36
727 1
727 7
727 15
727 20
727 29
727 34
727 36
728 2
728 7
728 15
728 20
728 29
728 34
728 36
729 3
729 7
729 15
729 20
729 29
729 34
729 36
730 4
730 7
730 15
730 20
730 29
730 34
730 36
731 5
731 7
731 15
731 20
731 29
731 34
731 36
732 0
732 7
732 15
732 23
732 26
732 30
732 40
733 1
733 7
733 15
733 23
733 26
733 30
733 40
734 2
734 7
734 15
734 23
734 26
734 30
734 40
735 3
735 7
735 15
735 23
735 26
735 30
735 40
736 4
736 7
736 15
736 23
736 26
736 30
736 40
737 5
737 7
737 15
737 23
737 26
737 30
737 40
738 0
738 7
738 15
738 23
738 26
738 34
738 36
739 1
739 7
739 15
739 23
739 26
739 34
739 36
740 2
740 7
740 15
740 23
740 26
740 34
740 36
741 3
741 7
741 15
741 23
741 26
741 34
741 36
742 4
742 7
742 15
742 23
742 26
742 34
742 36
743 5
743 7
743 15
743 23
743 26
743 34
743 36
744 0
744 9
744 13
744 20
744 29
744 30
744 40
745 1
745 9
745 13
745 20
745 29
745 30
745 40
746 2
746 9
746 13
746 20
746 29
746 30
746 40
747 3
747 9
747 13
747 20
747 29
747 30
747 40
748 4
748 9
748 13
748 20
748 29
748 30
748 40
749 5
749 9
749 13
749 20
749 29
749 30
749 40
750 0
750 9
750 13
750 20
750 29
750 34
750 36
751 1
751 9
751 13
751 20
751 29
751 34
751 36
752 2
752 9
752 13
752 20
752 29
752 34
752 36
753 3
753 9
753 13
753 20
753 29
753 34
753 36
754 4
754 9
754 13
754 20
754 29
754 34
754 36
755 5
755 9
755 13
755 20
755 29
755 34
755 36
756 0
756 9
756 13
756 23
756 26
756 30
756 40
757 1
757 9
757 13
757 23
757 26
757 30
757 40
758 2
758 9
758 13
758 23
758 26
758 30
758 40
759 3
759 9
759 13
759 23
759 26
759 30
759 40
760 4
760 9
760 13
760 23
760 26
760 30
760 40
761 5
761 9
761 13
761 23
761 26
761 30
761 40
762 0
762 9
762 13
762 23
762 26
762 34
762 36
763 1
763 9
763 13
763 23
763 26
763 34
763 36
764 2
764 9
764 13
764 23
764 26
764 34
764 36
765 3
765 9
765 13
765 23
765 26
765 34
765 36
766 4
766 9
766 13
766 23
766 26
766 34
766 36
767 5
767 9
767 13
767 23
767 26
767 34
767 36
768 0
768 7
768 17
768 20
768 27
768 30
768 40
769 1
769 7
769 17
769 20
769 27
769 30
769 40
770 2
770 7
770 17
770 20
770 27
770 30
770 40
771 3
771 7
771 17
771 20
771 27
771 30
771 40
772 4
772 7
772 17
772 20
772 27
772 30
772 40
773 5
773 7
773 17
773 20
773 27
773 30
773 40
774 0
774 7
774 17
774 20
774 27
774 34
774 36
775 1
775 7
775 17
775 20
775 27
775 34
775 36
776 2
776 7
776 17
776 20
776 27
776 34
776 36
777 3
777 7
777 17
777 20
777 27
777 34
777 36
778 4
778 7
778 17
778 20
778 27
778 34
778 36
779 5
779 7
779 17
779 20
779 27
779 34
779 36
780 0
780 7
780 17
780 21
780 26
780 30
780 40
781 1
781 7
781 17
781 21
781 26
781 30
781 40
782 2
782 7
782 17
782 21
782 26
782 30
782 40
783 3
783 7
783 17
783 21
783 26
783 30
783 40
784 4
784 7
784 17
784 21
784 26
784 30
784 40
785 5
785 7
785 17
785 21
785 26
785 30
785 40
786 0
786 7
786 17
786 21
786 26
786 34
786 36
787 1
787 7
787 17
787 21
787 26
787 34
787 36
788 2
788 7
788 17
788 21
788 26
788 34
788 36
789 3
789 7
789 17
789 21
789 26
789 34
789 36
790 4
790 7
790 17
790 21
790 26
790 34
790 36
791 5
791 7
791 17
791 21
791 26
791 34
791 36
792 0
792 11
792 13
792 20
792 27
792 30
792 40
793 1
793 11
793 13
793 20
793 27
793 30
793 40
794 2
794 11
794 13
794 20
794 27
794 30
794 40
795 3
795 11
795 13
795 20
795 27
795 30
795 40
796 4
796 11
796 13
796 20
796 27
796 30
796 40
797 5
797 11
797 13
797 20
797 27
797 30
797 40
798 0
798 11
798 13
798 20
798 27
798 34
798 36
799 1
799 11
799 13
799 20
799 27
799 34
799 36
800 2
800 11
800 13
800 20
800 27
800 34
800 36
801 3
801 11
801 13
801 20
801 27
801 34
801 36
802 4
802 11
802 13
802 20
802 27
802 34
802 36
803 5
803 11
803 13
803 20
803 27
803 34
803 36
804 0
804 11
804 13
804 21
804 26
804 30
804 40
805 1
805 11
805 13
805 21
805 26
805 30
805 40
806 2
806 11
806 13
806 21
806 26
806 30
806 40
807 3
807 11
807 13
807 21
807 26
807 30
807 40
808 4
808 11
808 13
808 21
808 26
808 30
808 40
809 5
809 11
809 13
809 21
809 26
809 30
809 40
810 0
810 11
810 13
810 21
810 26
810 34
810 36
811 1
811 11
811 13
811 21
811 26
811 34
811 36
812 2
812 11
812 13
812 21
812 26
812 34
812 36
813 3
813 11
813 13
813 21
813 26
813 34
813 36
814 4
814 11
814 13
814 21
814 26
814 34
814 36
815 5
815 11
815 13
815 21
815 26
815 34
815 36
816 0
816 7
816 17
816 20
816 28
816 30
816 39
817 1
817 7
817 17
817 20
817 28
817 30
817 39
818 2
818 7
818 17
818 20
818 28
818 30
818 39
819 3
819 7
819 17
819 20
819 28
819 30
819 39
820 4
820 7
820 17
820 20
820 28
820 30
820 39
821 5
821 7
821 17
821 20
821 28
821 30
821 39
822 0
822 7
822 17
822 20
822 28
822 33
822 36
823 1
823 7
823 17
823 20
823 28
823 33
823 36
824 2
824 7
824 17
824 20
824 28
824 33
824 36
825 3
825 7
825 17
825 20
825 28
825 33
825 36
826 4
826 7
826 17
826 20
826 28
826 33
826 36
827 5
827 7
827 17
827 20
827 28
827 33
827 36
828 0
828 7
828 17
828 22
828 26
828 30
828 39
829 1
829 7
829 17
829 22
829 26
829 30
829 39
830 2
830 7
830 17
830 22
830 26
830 30
830 39
831 3
831 7
831 17
831 22
831 26
831 30
831 39
832 4
832 7
832 17
832 22
832 26
832 30
832 39
833 5
833 7
833 17
833 22
833 26
833 30
833 39
834 0
834 7
834 17
834 22
834 26
834 33
834 36
835 1
835 7
835 17
835 22
835 26
835 33
835 36
836 2
836 7
836 17
836 22
836 26
836 33
836 36
837 3
837 7
837 17
837 22
837 26
837 33
837 36
838 4
838 7
838 17
838 22
838 26
838 33
838 36
839 5
839 7
839 17
839 22
839 26
839 33
839 36
840 0
840 11
840 13
840 20
840 28
840 30
840 39
841 1
841 11
841 13
841 20
841 28
841 30
841 39
842 2
842 11
842 13
842 20
842 28
842 30
842 39
843 3
843 11
843 13
843 20
843 28
843 30
843 39
844 4
844 11
844 13
844 20
844 28
844 30
844 39
845 5
845 11
845 13
845 20
845 28
845 30
845 39
846 0
846 11
846 13
846 20
846 28
846 33
846 36
847 1
847 11
847 13
847 20
847 28
847 33
847 36
848 2
848 11
848 13
848 20
848 28
848 33
848 36
849 3
849 11
849 13
849 20
849 28
849 33
849 36
850 4
850 11
850 13
850 20
850 28
850 33
850 36
851 5
851 11
851 13
851 20
851 28
851 33
851 36
852 0
852 11
852 13
852 22
852 26
852 30
852 39
853 1
853 11
853 13
853 22
853 26
853 30
853 39
854 2
854 11
854 13
854 22
854 26
854 30
854 39
855 3
855 11
855 13
855 22
855 26
855 30
855 39
856 4
856 11
856 13
856 22
856 26
856 30
856 39
857 5
857 11
857 13
857 22
857 26
857 30
857 39
858 0
858 11
858 13
858 22
858 26
858 33
858 36
859 1
859 11
859 13
859 22
859 26
859 33
859 36
860 2
860 11
860 13
860 22
860 26
860 33
860 36
861 3
861 11
861 13
861 22
861 26
861 33
861 36
862 4
862 11
862 13
862 22
862 26
862 33
862 36
863 5
863 11
863 13
863 22
863 26
863 33
863 36
864 0
864 6
864 15
864 20
864 28
864 31
864 41
865 1
865 6
865 15
865 20
865 28
865 31
865 41
866 2
866 6
866 15
866 20
866 28
866 31
866 41
867 3
867 6
867 15
867 20
867 28
867 31
867 41
868 4
868 6
868 15
868 20
868 28
868 31
868 41
869 5
869 6
869 15
869 20
869 28
869 31
869 41
870 0
870 6
870 15
870 20
870 28
870 35
870 37
871 1
871 6
871 15
871 20
871 28
871 35
871 37
872 2
872 6
872 15
872 20
872 28
872 35
872 37
873 3
873 6
873 15
873 20
873 28
873 35
873 37
874 4
874 6
874 15
874 20
874 28
874 35
874 37
875 5
875 6
875 15
875 20
875 28
875 35
875 37
876 0
876 6
876 15
876 22
876 26
876 31
876 41
877 1
877 6
877 15
877 22
877 26
877 31
877 41
878 2
878 6
878 15
878 22
878 26
878 31
878 41
879 3
879 6
879 15
879 22
879 26
879 31
879 41
880 4
880 6
880 15
880 22
880 26
880 31
880 41
881 5
881 6
881 15
881 22
881 26
881 31
881 41
882 0
882 6
882 15
882 22
882 26
882 35
882 37
883 1
883 6
883 15
883 22
883 26
883 35
883 37
884 2
884 6
884 15
884 22
884 26
884 35
884 37
885 3
885 6
885 15
885 22
885 26
885 35
885 37
886 4
886 6
886 15
886 22
886 26
886 35
886 37
887 5
887 6
887 15
887 22
887 26
887 35
887 37
888 0
888 9
888 12
888 20
888 28
888 31
888 41
889 1
889 9
889 12
889 20
889 28
889 31
889 41
890 2
890 9
890 12
890 20
890 28
890 31
890 41
891 3
891 9
891 12
891 20
891 28
891 31
891 41
892 4
892 9
892 12
892 20
892 28
892 31
892 41
893 5
893 9
893 12
893 20
893 28
893 31
893 41
894 0
894 9
894 12
894 20
894 28
894 35
894 37
895 1
895 9
895 12
895 20
895 28
895 35
895 37
896 2
896 9
896 12
896 20
896 28
896 35
896 37
897 3
897 9
897 12
897 20
897 28
897 35
897 37
898 4
898 9
898 12
898 20
898 28
898 35
898 37
899 5
899 9
899 12
899 20
899 28
899 35
899 37
900 0
900 9
900 12
900 22
900 26
900 31
900 41
901 1
901 9
901 12
901 22
901 26
901 31
901 41
902 2
902 9
902 12
902 22
902 26
902 31
902 41
903 3
903 9
903 12
903 22
903 26
903 31
903 41
904 4
904 9
904 12
904 22
904 26
904 31
904 41
905 5
905 9
905 12
905 22
905 26
905 31
905 41
906 0
906 9
906 12
906 22
906 26
906 35
906 37
907 1
907 9
907 12
907 22
907 26
907 35
907 37
908 2
908 9
908 12
908 22
908 26
908 35
908 37
909 3
909 9
909 12
909 22
909 26
909 35
909 37
910 4
910 9
910 12
910 22
910 26
910 35
910 37
911 5
911 9
911 12
911 22
911 26
911 35
911 37
912 0
912 6
912 16
912 20
912 27
912 31
912 41
913 1
913 6
913 16
913 20
913 27
913 31
913 41
914 2
914 6
914 16
914 20
914 27
914 31
914 41
915 3
915 6
915 16
915 20
915 27
915 31
915 41
916 4
916 6
916 16
916 20
916 27
916 31
916 41
917 5
917 6
917 16
917 20
917 27
917 31
917 41
918 0
918 6
918 16
918 20
918 27
918 35
918 37
919 1
919 6
919 16
919 20
919 27
919 35
919 37
920 2
920 6
920 16
920 20
920 27
920 35
920 37
921 3
921 6
921 16
921 20
921 27
921 35
921 37
922 4
922 6
922 16
922 20
922 27
922 35
922 37
923 5
923 6
923 16
923 20
923 27
923 35
923 37
924 0
924 6
924 16
924 21
924 26
924 31
924 41
925 1
925 6
925 16
925 21
925 26
925 31
925 41
926 2
926 6
926 16
926 21
926 26
926 31
926 41
927 3
927 6
927 16
927 21
927 26
927 31
927 41
928 4
928 6
928 16
928 21
928 26
928 31
928 41
929 5
929 6
929 16
929 21
929 26
929 31
929 41
930 0
930 6
930 16
930 21
930 26
930 35
930 37
931 1
931 6
931 16
931 21
931 26
931 35
931 37
932 2
932 6
932 16
932 21
932 26
932 35
932 37
933 3
933 6
933 16
933 21
933 26
933 35
933 37
934 4
934 6
934 16
934 21
934 26
934 35
934 37
935 5
935 6
935 16
935 21
935 26
935 35
935 37
936 0
936 10
936 12
936 20
936 27
936 31
936 41
937 1
937 10
937 12
937 20
937 27
937 31
937 41
938 2
938 10
938 12
938 20
938 27
938 31
938 41
939 3
939 10
939 12
939 20
939 27
939 31
939 41
940 4
940 10
940 12
940 20
940 27
940 31
940 41
941 5
941 10
941 12
941 20
941 27
941 31
941 41
942 0
942 10
942 12
942 20
942 27
942 35
942 37
943 1
943 10
943 12
943 20
943 27
943 35
943 37
944 2
944 10
944 12
944 20
944 27
944 35
944 37
945 3
945 10
945 12
945 20
945 27
945 35
945 37
946 4
946 10
946 12
946 20
946 27
946 35
946 37
947 5
947 10
947 12
947 20
947 27
947 35
947 37
948 0
948 10
948 12
948 21
948 26
948 31
948 41
949 1
949 10
949 12
949 21
949 26
949 31
949 41
950 2
950 10
950 12
950 21
950 26
950 31
950 41
951 3
951 10
951 12
951 21
951 26
951 31
951 41
952 4
952 10
952 12
952 21
952 26
952 31
952 41
953 5
953 10
953 12
953 21
953 26
953 31
953 41
954 0
954 10
954 12
954 21
954 26
954 35
954 37
955 1
955 10
955 12
955 21
955 26
955 35
955 37
956 2
956 10
956 12
956 21
956 26
956 35
956 37
957 3
957 10
957 12
957 21
957 26
957 35
957 37
958 4
958 10
958 12
958 21
958 26
958 35
958 37
959 5
959 10
959 12
959 21
959 26
959 35
959 37
960 0
960 6
960 16
960 20
960 29
960 31
960 39
961 1
961 6
961 16
961 20
961 29
961 31
961 39
962 2
962 6
962 16
962 20
962 29
962 31
962 39
963 3
963 6
963 16
963 20
963 29
963 31
963 39
964 4
964 6
964 16
964 20
964 29
964 31
964 39
965 5
965 6
965 16
965 20
965 29
965 31
965 39
966 0
966 6
966 16
966 20
966 29
966 33
966 37
967 1
967 6
967 16
967 20
967 29
967 33
967 37
968 2
968 6
968 16
968 20
968 29
968 33
968 37
969 3
969 6
969 16
969 20
969 29
969 33
969 37
970 4
970 6
970 16
970 20
970 29
970 33
970 37
971 5
971 6
971 16
971 20
971 29
971 33
971 37
972 0
972 6
972 16
972 23
972 26
972 31
972 39
973 1
973 6
973 16
973 23
973 26
973 31
973 39
974 2
974 6
974 16
974 23
974 26
974 31
974 39
975 3
975 6
975 16
975 23
975 26
975 31
975 39
976 4
976 6
976 16
976 23
976 26
976 31
976 39
977 5
977 6
977 16
977 23
977 26
977 31
977 39
978 0
978 6
978 16
978 23
978 26
978 33
978 37
979 1
979 6
979 16
979 23
979 26
979 33
979 37
980 2
980 6
980 16
980 23
980 26
980 33
980 37
981 3
981 6
981 16
981 23
981 26
981 33
981 37
982 4
982 6
982 16
982 23
982 26
982 33
982 37
983 5
983 6
983 16
983 23
983 26
983 33
983 37
984 0
984 10
984 12
984 20
984 29
984 31
984 39
985 1
985 10
985 12
985 20
985 29
985 31
985 39
986 2
986 10
986 12
986 20
986 29
986 31
986 39
987 3
987 10
987 12
987 20
987 29
987 31
987 39
988 4
988 10
988 12
988 20
988 29
988 31
988 39
989 5
989 10
989 12
989 20
989 29
989 31
989 39
990 0
990 10
990 12
990 20
990 29
990 33
990 37
991 1
991 10
991 12
991 20
991 29
991 33
991 37
992 2
992 10
992 12
992 20
992 29
992 33
992 37
993 3
993 10
993 12
993 20
993 29
993 33
993 37
994 4
994 10
994 12
994 20
994 29
994 33
994 37
995 5
995 10
995 12
995 20
995 29
995 33
995 37
996 0
996 10
996 12
996 23
996 26
996 31
996 39
997 1
997 10
997 12
997 23
997 26
997 31
997 39
998 2
998 10
998 12
998 23
998 26
998 31
998 39
999 3
999 10
999 12
999 23
999 26
999 31
999 39
1000 4
1000 10
1000 12
1000 23
1000 26
1000 31
1000 39
1001 5
1001 10
1001 12
1001 23
1001 26
1001 31
1001 39
1002 0
1002 10
1002 12
1002 23
1002 26
1002 33
1002 37
1003 1
1003 10
1003 12
1003 23
1003 26
1003 33
1003 37
1004 2
1004 10
1004 12
1004 23
1004 26
1004 33
1004 37
1005 3
1005 10
1005 12
1005 23
1005 26
1005 33
1005 37
1006 4
1006 10
1006 12
1006 23
1006 26
1006 33
1006 37
1007 5
1007 10
1007 12
1007 23
1007 26
1007 33
1007 37
1008 0
1008 6
1008 15
1008 20
1008 29
1008 31
1008 40
1009 1
1009 6
1009 15
1009 20
1009 29
1009 31
1009 40
1010 2
1010 6
1010 15
1010 20
1010 29
1010 31
1010 40
1011 3
1011 6
1011 15
1011 20
1011 29
1011 31
1011 40
1012 4
1012 6
1012 15
1012 20
1012 29
1012 31
1012 40
1013 5
1013 6
1013 15
1013 20
1013 29
1013 31
1013 40
1014 0
1014 6
1014 15
1014 20
1014 29
1014 34
1014 37
1015 1
1015 6
1015 15
1015 20
1015 29
1015 34
1015 37
1016 2
1016 6
1016 15
1016 20
1016 29
1016 34
1016 37
1017 3
1017 6
1017 15
1017 20
1017 29
1017 34
1017 37
1018 4
1018 6
1018 15
1018 20
1018 29
1018 34
1018 37
1019 5
1019 6
1019 15
1019 20
1019 29
1019 34
1019 37
1020 0
1020 6
1020 15
1020 23
1020 26
1020 31
1020 40
1021 1
1021 6
1021 15
1021 23
1021 26
1021 31
1021 40
1022 2
1022 6
1022 15
1022 23
1022 26
1022 31
1022 40
1023 3
1023 6
1023 15
1023 23
1023 26
1023 31
1023 40
1024 4
1024 6
1024 15
1024 23
1024 26
1024 31
1024 40
1025 5
1025 6
1025 15
1025 23
1025 26
1025 31
1025 40
1026 0
1026 6
1026 15
1026 23
1026 26
1026 34
1026 37
1027 1
1027 6
1027 15
1027 23
1027 26
1027 34
1027 37
1028 2
1028 6
1028 15
1028 23
1028 26
1028 34
1028 37
1029 3
1029 6
1029 15
1029 23
1029 26
1029 34
1029 37
1030 4
1030 6
1030 15
1030 23
1030 26
1030 34
1030 37
1031 5
1031 6
1031 15
1031 23
1031 26
1031 34
1031 37
1032 0
1032 9
1032 12
1032 20
1032 29
1032 31
1032 40
1033 1
1033 9
1033 12
1033 20
1033 29
1033 31
1033 40
1034 2
1034 9
1034 12
1034 20
1034 29
1034 31
1034 40
1035 3
1035 9
1035 12
1035 20
1035 29
1035 31
1035 40
1036 4
1036 9
1036 12
1036 20
1036 29
1036 31
1036 40
1037 5
1037 9
1037 12
1037 20
1037 29
1037 31
1037 40
1038 0
1038 9
1038 12
1038 20
1038 29
1038 34
1038 37
1039 1
1039 9
1039 12
1039 20
1039 29
1039 34
1039 37
1040 2
1040 9
1040 12
1040 20
1040 29
1040 34
1040 37
1041 3
1041 9
1041 12
1041 20
1041 29
1041 34
1041 37
1042 4
1042 9
1042 12
1042 20
1042 29
1042 34
1042 37
1043 5
1043 9
1043 12
1043 20
1043 29
1043 34
1043 37
1044 0
1044 9
1044 12
1044 23
1044 26
1044 31
1044 40
1045 1
1045 9
1045 12
1045 23
1045 26
1045 31
1045 40
1046 2
1046 9
1046 12
1046 23
1046 26
1046 31
1046 40
1047 3
1047 9
1047 12
1047 23
1047 26
1047 31
1047 40
1048 4
1048 9
1048 12
1048 23
1048 26
1048 31
1048 40
1049 5
1049 9
1049 12
1049 23
1049 26
1049 31
1049 40
1050 0
1050 9
1050 12
1050 23
1050 26
1050 34
1050 37
1051 1
1051 9
1051 12
1051 23
1051 26
1051 34
1051 37
1052 2
1052 9
1052 12
1052 23
1052 26
1052 34
1052 37
1053 3
1053 9
1053 12
1053 23
1053 26
1053 34
1053 37
1054 4
1054 9
1054 12
1054 23
1054 26
1054 34
1054 37
1055 5
1055 9
1055 12
1055 23
1055 26
1055 34
1055 37
1056 0
1056 6
1056 17
1056 20
1056 27
1056 31
1056 40
1057 1
1057 6
1057 17
1057 20
1057 27
1057 31
1057 40
1058 2
1058 6
1058 17
1058 20
1058 27
1058 31
1058 40
1059 3
1059 6
1059 17
1059 20
1059 27
1059 31
1059 40
1060 4
1060 6
1060 17
1060 20
1060 27
1060 31
1060 40
1061 5
1061 6
1061 17
1061 20
1061 27
1061 31
1061 40
1062 0
1062 6
1062 17
1062 20
1062 27
1062 34
1062 37
1063 1
1063 6
1063 17
1063 20
1063 27
1063 34
1063 37
1064 2
1064 6
1064 17
1064 20
1064 27
1064 34
1064 37
1065 3
1065 6
1065 17
1065 20
1065 27
1065 34
1065 37
1066 4
1066 6
1066 17
1066 20
1066 27
1066 34
1066 37
1067 5
1067 6
1067 17
1067 20
1067 27
1067 34
1067 37
1068 0
1068 6
1068 17
1068 21
1068 26
1068 31
1068 40
1069 1
1069 6
1069 17
1069 21
1069 26
1069 31
1069 40
1070 2
1070 6
1070 17
1070 21
1070 26
1070 31
1070 40
1071 3
1071 6
1071 17
1071 21
1071 26
1071 31
1071 40
1072 4
1072 6
1072 17
1072 21
1072 26
1072 31
1072 40
1073 5
1073 6
1073 17
1073 21
1073 26
1073 31
1073 40
1074 0
1074 6
1074 17
1074 21
1074 26
1074 34
1074 37
1075 1
1075 6
1075 17
1075 21
1075 26
1075 34
1075 37
1076 2
1076 6
1076 17
1076 21
1076 26
1076 34
1076 37
1077 3
1077 6
1077 17
1077 21
1077 26
1077 34
1077 37
1078 4
1078 6
1078 17
1078 21
1078 26
1078 34
1078 37
1079 5
1079 6
1079 17
1079 21
1079 26
1079 34
1079 37
1080 0
1080 11
1080 12
1080 20
1080 27
1080 31
1080 40
1081 1
1081 11
1081 12
1081 20
1081 27
1081 31
1081 40
1082 2
1082 11
1082 12
1082 20
1082 27
1082 31
1082 40
1083 3
1083 11
1083 12
1083 20
1083 27
1083 31
1083 40
1084 4
1084 11
1084 12
1084 20
1084 27
1084 31
1084 40
1085 5
1085 11
1085 12
1085 20
1085 27
1085 31
1085 40
1086 0
1086 11
1086 12
1086 20
1086 27
1086 34
1086 37
1087 1
1087 11
1087 12
1087 20
1087 27
1087 34
1087 37
1088 2
1088 11
1088 12
1088 20
1088 27
1088 34
1088 37
1089 3
1089 11
1089 12
1089 20
1089 27
1089 34
1089 37
1090 4
1090 11
1090 12
1090 20
1090 27
1090 34
1090 37
1091 5
1091 11
1091 12
1091 20
1091 27
1091 34
1091 37
1092 0
1092 11
1092 12
1092 21
1092 26
1092 31
1092 40
1093 1
1093 11
1093 12
1093 21
1093 26
1093 31
1093 40
1094 2
1094 11
1094 12
1094 21
1094 26
1094 31
1094 40
1095 3
1095 11
1095 12
1095 21
1095 26
1095 31
1095 40
1096 4
1096 11
1096 12
1096 21
1096 26
1096 31
1096 40
1097 5
1097 11
1097 12
1097 21
1097 26
1097 31
1097 40
1098 0
1098 11
1098 12
1098 21
1098 26
1098 34
1098 37
1099 1
1099 11
1099 12
1099 21
1099 26
1099 34
1099 37
1100 2
1100 11
1100 12
1100 21
1100 26
1100 34
1100 37
1101 3
1101 11
1101 12
1101 21
1101 26
1101 34
1101 37
1102 4
1102 11
1102 12
1102 21
1102 26
1102 34
1102 37
1103 5
1103 11
1103 12
1103 21
1103 26
1103 34
1103 37
1104 0
1104 6
1104 17
1104 20
1104 28
1104 31
1104 39
1105 1
1105 6
1105 17
1105 20
1105 28
1105 31
1105 39
1106 2
1106 6
1106 17
1106 20
1106 28
1106 31
1106 39
1107 3
1107 6
1107 17
1107 20
1107 28
1107 31
1107 39
1108 4
1108 6
1108 17
1108 20
1108 28
1108 31
1108 39
1109 5
1109 6
1109 17
1109 20
1109 28
1109 31
1109 39
1110 0
1110 6
1110 17
1110 20
1110 28
1110 33
1110 37
1111 1
1111 6
1111 17
1111 20
1111 28
1111 33
1111 37
1112 2
1112 6
1112 17
1112 20
1112 28
1112 33
1112 37
1113 3
1113 6
1113 17
1113 20
1113 28
1113 33
1113 37
1114 4
1114 6
1114 17
1114 20
1114 28
1114 33
1114 37
1115 5
1115 6
1115 17
1115 20
1115 28
1115 33
1115 37
1116 0
1116 6
1116 17
1116 22
1116 26
1116 31
1116 39
1117 1
1117 6
1117 17
1117 22
1117 26
1117 31
1117 39
1118 2
1118 6
1118 17
1118 22
1118 26
1118 31
1118 39
1119 3
1119 6
1119 17
1119 22
1119 26
1119 31
1119 39
1120 4
1120 6
1120 17
1120 22
1120 26
1120 31
1120 39
1121 5
1121 6
1121 17
1121 22
1121 26
1121 31
1121 39
1122 0
1122 6
1122 17
1122 22
1122 26
1122 33
1122 37
1123 1
1123 6
1123 17
1123 22
1123 26
1123 33
1123 37
1124 2
1124 6
1124 17
1124 22
1124 26
1124 33
1124 37
1125 3
1125 6
1125 17
1125 22
1125 26
1125 33
1125 37
1126 4
1126 6
1126 17
1126 22
1126 26
1126 33
1126 37
1127 5
1127 6
1127 17
1127 22
1127 26
1127 33
1127 37
1128 0
1128 11
1128 12
1128 20
1128 28
1128 31
1128 39
1129 1
1129 11
1129 12
1129 20
1129 28
1129 31
1129 39
1130 2
1130 11
1130 12
1130 20
1130 28
1130 31
1130 39
1131 3
1131 11
1131 12
1131 20
1131 28
1131 31
1131 39
1132 4
1132 11
1132 12
1132 20
1132 28
1132 31
1132 39
1133 5
1133 11
1133 12
1133 20
1133 28
1133 31
1133 39
1134 0
1134 11
1134 12
1134 20
1134 28
1134 33
1134 37
1135 1
1135 11
1135 12
1135 20
1135 28
1135 33
1135 37
1136 2
1136 11
1136 12
1136 20
1136 28
1136 33
1136 37
1137 3
1137 11
1137 12
1137 20
1137 28
1137 33
1137 37
1138 4
1138 11
1138 12
1138 20
1138 28
1138 33
1138 37
1139 5
1139 11
1139 12
1139 20
1139 28
1139 33
1139 37
1140 0
1140 11
1140 12
1140 22
1140 26
1140 31
1140 39
1141 1
1141 11
1141 12
1141 22
1141 26
1141 31
1141 39
1142 2
1142 11
1142 12
1142 22
1142 26
1142 31
1142 39
1143 3
1143 11
1143 12
1143 22
1143 26
1143 31
1143 39
1144 4
1144 11
1144 12
1144 22
1144 26
1144 31
1144 39
1145 5
1145 11
1145 12
1145 22
1145 26
1145 31
1145 39
1146 0
1146 11
1146 12
1146 22
1146 26
1146 33
1146 37
1147 1
1147 11
1147 12
1147 22
1147 26
1147 33
1147 37
1148 2
1148 11
1148 12
1148 22
1148 26
1148 33
1148 37
1149 3
1149 11
1149 12
1149 22
1149 26
1149 33
1149 37
1150 4
1150 11
1150 12
1150 22
1150 26
1150 33
1150 37
1151 5
1151 11
1151 12
1151 22
1151 26
1151 33
1151 37
1152 0
1152 8
1152 15
1152 18
1152 28
1152 31
1152 41
1153 1
1153 8
1153 15
1153 18
1153 28
1153 31
1153 41
1154 2
1154 8
1154 15
1154 18
1154 28
1154 31
1154 41
1155 3
1155 8
1155 15
1155 18
1155 28
1155 31
1155 41
1156 4
1156 8
1156 15
1156 18
1156 28
1156 31
1156 41
1157 5
1157 8
1157 15
1157 18
1157 28
1157 31
1157 41
1158 0
1158 8
1158 15
1158 18
1158 28
1158 35
1158 37
1159 1
1159 8
1159 15
1159 18
1159 28
1159 35
1159 37
1160 2
1160 8
1160 15
1160 18
1160 28
1160 35
1160 37
1161 3
1161 8
1161 15
1161 18
1161 28
1161 35
1161 37
1162 4
1162 8
1162 15
1162 18
1162 28
1162 35
1162 37
1163 5
1163 8
1163 15
1163 18
1163 28
1163 35
1163 37
1164 0
1164 8
1164 15
1164 22
1164 24
1164 31
1164 41
1165 1
1165 8
1165 15
1165 22
1165 24
1165 31
1165 41
1166 2
1166 8
1166 15
1166 22
1166 24
1166 31
1166 41
1167 3
1167 8
1167 15
1167 22
1167 24
1167 31
1167 41
1168 4
1168 8
1168 15
1168 22
1168 24
1168 31
1168 41
1169 5
1169 8
1169 15
1169 22
1169 24
1169 31
1169 41
1170 0
1170 8
1170 15
1170 22
1170 24
1170 35
1170 37
1171 1
1171 8
1171 15
1171 22
1171 24
1171 35
1171 37
1172 2
1172 8
1172 15
1172 22
1172 24
1172 35
1172 37
1173 3
1173 8
1173 15
1173 22
1173 24
1173 35
1173 37
1174 4
1174 8
1174 15
1174 22
1174 24
1174 35
1174 37
1175 5
1175 8
1175 15
1175 22
1175 24
1175 35
1175 37
1176 0
1176 9
1176 14
1176 18
1176 28
1176 31
1176 41
1177 1
1177 9
1177 14
1177 18
1177 28
1177 31
1177 41
1178 2
1178 9
1178 14
1178 18
1178 28
1178 31
1178 41
1179 3
1179 9
1179 14
1179 18
1179 28
1179 31
1179 41
1180 4
1180 9
1180 14
1180 18
1180 28
1180 31
1180 41
1181 5
1181 9
1181 14
1181 18
1181 28
1181 31
1181 41
1182 0
1182 9
1182 14
1182 18
1182 28
1182 35
1182 37
1183 1
1183 9
1183 14
1183 18
1183 28
1183 35
1183 37
1184 2
1184 9
1184 14
1184 18
1184 28
1184 35
1184 37
1185 3
1185 9
1185 14
1185 18
1185 28
1185 35
1185 37
1186 4
1186 9
1186 14
1186 18
1186 28
1186 35
1186 37
1187 5
1187 9
1187 14
1187 18
1187 28
1187 35
1187 37
1188 0
1188 9
1188 14
1188 22
1188 24
1188 31
1188 41
1189 1
1189 9
1189 14
1189 22
1189 24
1189 31
1189 41
1190 2
1190 9
1190 14
1190 22
1190 24
1190 31
1190 41
1191 3
1191 9
1191 14
1191 22
1191 24
1191 31
1191 41
1192 4
1192 9
1192 14
1192 22
1192 24
1192 31
1192 41
1193 5
1193 9
1193 14
1193 22
1193 24
1193 31
1193 41
1194 0
1194 9
1194 14
1194 22
1194 24
1194 35
1194 37
1195 1
1195 9
1195 14
1195 22
1195 24
1195 35
1195 37
1196 2
1196 9
1196 14
1196 22
1196 24
1196 35
1196 37
1197 3
1197 9
1197 14
1197 22
1197 24
1197 35
1197 37
1198 4
1198 9
1198 14
1198 22
1198 24
1198 35
1198 37
1199 5
1199 9
1199 14
1199 22
1199 24
1199 35
1199 37
1200 0
1200 8
1200 16
1200 18
1200 27
1200 31
1200 41
1201 1
1201 8
1201 16
1201 18
1201 27
1201 31
1201 41
1202 2
1202 8
1202 16
1202 18
1202 27
1202 31
1202 41
1203 3
1203 8
1203 16
1203 18
1203 27
1203 31
1203 41
1204 4
1204 8
1204 16
1204 18
1204 27
1204 31
1204 41
1205 5
1205 8
1205 16
1205 18
1205 27
1205 31
1205 41
1206 0
1206 8
1206 16
1206 18
1206 27
1206 35
1206 37
1207 1
1207 8
1207 16
1207 18
1207 27
1207 35
1207 37
1208 2
1208 8
1208 16
1208 18
1208 27
1208 35
1208 37
1209 3
1209 8
1209 16
1209 18
1209 27
1209 35
1209 37
1210 4
1210 8
1210 16
1210 18
1210 27
1210 35
1210 37
1211 5
1211 8
1211 16
1211 18
1211 27
1211 35
1211 37
1212 0
1212 8
1212 16
1212 21
1212 24
1212 31
1212 41
1213 1
1213 8
1213 16
1213 21
1213 24
1213 31
1213 41
1214 2
1214 8
1214 16
1214 21
1214 24
1214 31
1214 41
1215 3
1215 8
1215 16
1215 21
1215 24
1215 31
1215 41
1216 4
1216 8
1216 16
1216 21
1216 24
1216 31
1216 41
1217 5
1217 8
1217 16
1217 21
1217 24
1217 31
1217 41
1218 0
1218 8
1218 16
1218 21
1218 24
1218 35
1218 37
1219 1
1219 8
1219 16
1219 21
1219 24
1219 35
1219 37
1220 2
1220 8
1220 16
1220 21
1220 24
1220 35
1220 37
1221 3
1221 8
1221 16
1221 21
1221 24
1221 35
1221 37
1222 4
1222 8
1222 16
1222 21
1222 24
1222 35
1222 37
1223 5
1223 8
1223 16
1223 21
1223 24
1223 35
1223 37
1224 0
1224 10
1224 14
1224 18
1224 27
1224 31
1224 41
1225 1
1225 10
1225 14
1225 18
1225 27
1225 31
1225 41
1226 2
1226 10
1226 14
1226 18
1226 27
1226 31
1226 41
1227 3
1227 10
1227 14
1227 18
1227 27
1227 31
1227 41
1228 4
1228 10
1228 14
1228 18
1228 27
1228 31
1228 41
1229 5
1229 10
1229 14
1229 18
1229 27
1229 31
1229 41
1230 0
1230 10
1230 14
1230 18
1230 27
1230 35
1230 37
1231 1
1231 10
1231 14
1231 18
1231 27
1231 35
1231 37
1232 2
1232 10
1232 14
1232 18
1232 27
1232 35
1232 37
1233 3
1233 10
1233 14
1233 18
1233 27
1233 35
1233 37
1234 4
1234 10
1234 14
1234 18
1234 27
1234 35
1234 37
1235 5
1235 10
1235 14
1235 18
1235 27
1235 35
1235 37
1236 0
1236 10
1236 14
1236 21
1236 24
1236 31
1236 41
1237 1
1237 10
1237 14
1237 21
1237 24
1237 31
1237 41
1238 2
1238 10
1238 14
1238 21
1238 24
1238 31
1238 41
1239 3
1239 10
1239 14
1239 21
1239 24
1239 31
1239 41
1240 4
1240 10
1240 14
1240 21
1240 24
1240 31
1240 41
1241 5
1241 10
1241 14
1241 21
1241 24
1241 31
1241 41
1242 0
1242 10
1242 14
1242 21
1242 24
1242 35
1242 37
1243 1
1243 10
1243 14
1243 21
1243 24
1243 35
1243 37
1244 2
1244 10
1244 14
1244 21
1244 24
1244 35
1244 37
1245 3
1245 10
1245 14
1245 21
1245 24
1245 35
1245 37
1246 4
1246 10
1246 14
1246 21
1246 24
1246 35
1246 37
1247 5
1247 10
1247 14
1247 21
1247 24
1247 35
1247 37
1248 0
1248 8
1248 16
1248 18
1248 29
1248 31
1248 39
1249 1
1249 8
1249 16
1249 18
1249 29
1249 31
1249 39
1250 2
1250 8
1250 16
1250 18
1250 29
1250 31
1250 39
1251 3
1251 8
1251 16
1251 18
1251 29
1251 31
1251 39
1252 4
1252 8
1252 16
1252 18
1252 29
1252 31
1252 39
1253 5
1253 8
1253 16
1253 18
1253 29
1253 31
1253 39
1254 0
1254 8
1254 16
1254 18
1254 29
1254 33
1254 37
1255 1
1255 8
1255 16
1255 18
1255 29
1255 33
1255 37
1256 2
1256 8
1256 16
1256 18
1256 29
1256 33
1256 37
1257 3
1257 8
1257 16
1257 18
1257 29
1257 33
1257 37
1258 4
1258 8
1258 16
1258 18
1258 29
1258 33
1258 37
1259 5
1259 8
1259 16
1259 18
1259 29
1259 33
1259 37
1260 0
1260 8
1260 16
1260 23
1260 24
1260 31
1260 39
1261 1
1261 8
1261 16
1261 23
1261 24
1261 31
1261 39
1262 2
1262 8
1262 16
1262 23
1262 24
1262 31
1262 39
1263 3
1263 8
1263 16
1263 23
1263 24
1263 31
1263 39
1264 4
1264 8
1264 16
1264 23
1264 24
1264 31
1264 39
1265 5
1265 8
1265 16
1265 23
1265 24
1265 31
1265 39
1266 0
1266 8
1266 16
1266 23
1266 24
1266 33
1266 37
1267 1
1267 8
1267 16
1267 23
1267 24
1267 33
1267 37
1268 2
1268 8
1268 16
1268 23
1268 24
1268 33
1268 37
1269 3
1269 8
1269 16
1269 23
1269 24
1269 33
1269 37
1270 4
1270 8
1270 16
1270 23
1270 24
1270 33
1270 37
1271 5
1271 8
1271 16
1271 23
1271 24
1271 33
1271 37
1272 0
1272 10
1272 14
1272 18
1272 29
1272 31
1272 39
1273 1
1273 10
1273 14
1273 18
1273 29
1273 31
1273 39
1274 2
1274 10
1274 14
1274 18
1274 29
1274 31
1274 39
1275 3
1275 10
1275 14
1275 18
1275 29
1275 31
1275 39
1276 4
1276 10
1276 14
1276 18
1276 29
1276 31
1276 39
1277 5
1277 10
1277 14
1277 18
1277 29
1277 31
1277 39
1278 0
1278 10
1278 14
1278 18
1278 29
1278 33
1278 37
1279 1
1279 10
1279 14
1279 18
1279 29
1279 33
1279 37
1280 2
1280 10
1280 14
1280 18
1280 29
1280 33
1280 37
1281 3
1281 10
1281 14
1281 18
1281 29
1281 33
1281 37
1282 4
1282 10
1282 14
1282 18
1282 29
1282 33
1282 37
1283 5
1283 10
1283 14
1283 18
1283 29
1283 33
1283 37
1284 0
1284 10
1284 14
1284 23
1284 24
1284 31
1284 39
1285 1
1285 10
1285 14
1285 23
1285 24
1285 31
1285 39
1286 2
1286 10
1286 14
1286 23
1286 24
1286 31
1286 39
1287 3
1287 10
1287 14
1287 23
1287 24
1287 31
1287 39
1288 4
1288 10
1288 14
1288 23
1288 24
1288 31
1288 39
1289 5
1289 10
1289 14
1289 23
1289 24
1289 31
1289 39
1290 0
1290 10
1290 14
1290 23
1290 24
1290 33
1290 37
1291 1
1291 10
1291 14
1291 23
1291 24
1291 33
1291 37
1292 2
1292 10
1292 14
1292 23
1292 24
1292 33
1292 37
1293 3
1293 10
1293 14
1293 23
1293 24
1293 33
1293 37
1294 4
1294 10
1294 14
1294 23
1294 24
1294 33
1294 37
1295 5
1295 10
1295 14
1295 23
1295 24
1295 33
1295 37
1296 0
1296 8
1296 15
1296 18
1296 29
1296 31
1296 40
1297 1
1297 8
1297 15
1297 18
1297 29
1297 31
1297 40
1298 2
1298 8
1298 15
1298 18
1298 29
1298 31
1298 40
1299 3
1299 8
1299 15
1299 18
1299 29
1299 31
1299 40
1300 4
1300 8
1300 15
1300 18
1300 29
1300 31
1300 40
1301 5
1301 8
1301 15
1301 18
1301 29
1301 31
1301 40
1302 0
1302 8
1302 15
1302 18
1302 29
1302 34
1302 37
1303 1
1303 8
1303 15
1303 18
1303 29
1303 34
1303 37
1304 2
1304 8
1304 15
1304 18
1304 29
1304 34
1304 37
1305 3
1305 8
1305 15
1305 18
1305 29
1305 34
1305 37
1306 4
1306 8
1306 15
1306 18
1306 29
1306 34
1306 37
1307 5
1307 8
1307 15
1307 18
1307 29
1307 34
1307 37
1308 0
1308 8
1308 15
1308 23
1308 24
1308 31
1308 40
1309 1
1309 8
1309 15
1309 23
1309 24
1309 31
1309 40
1310 2
1310 8
1310 15
1310 23
1310 24
1310 31
1310 40
1311 3
1311 8
1311 15
1311 23
1311 24
1311 31
1311 40
1312 4
1312 8
1312 15
1312 23
1312 24
1312 31
1312 40
1313 5
1313 8
1313 15
1313 23
1313 24
1313 31
1313 40
1314 0
1314 8
1314 15
1314 23
1314 24
1314 34
1314 37
1315 1
1315 8
1315 15
1315 23
1315 24
1315 34
1315 37
1316 2
1316 8
1316 15
1316 23
1316 24
1316 34
1316 37
1317 3
1317 8
1317 15
1317 23
1317 24
1317 34
1317 37
1318 4
1318 8
1318 15
1318 23
1318 24
1318 34
1318 37
1319 5
1319 8
1319 15
1319 23
1319 24
1319 34
1319 37
1320 0
1320 9
1320 14
1320 18
1320 29
1320 31
1320 40
1321 1
1321 9
1321 14
1321 18
1321 29
1321 31
1321 40
1322 2
1322 9
1322 14
1322 18
1322 29
1322 31
1322 40
1323 3
1323 9
1323 14
1323 18
1323 29
1323 31
1323 40
1324 4
1324 9
1324 14
1324 18
1324 29
1324 31
1324 40
1325 5
1325 9
1325 14
1325 18
1325 29
1325 31
1325 40
1326 0
1326 9
1326 14
1326 18
1326 29
1326 34
1326 37
1327 1
1327 9
1327 14
1327 18
1327 29
1327 34
1327 37
1328 2
1328 9
1328 14
1328 18
1328 29
1328 34
1328 37
1329 3
1329 9
1329 14
1329 18
1329 29
1329 34
1329 37
1330 4
1330 9
1330 14
1330 18
1330 29
1330 34
1330 37
1331 5
1331 9
1331 14
1331 18
1331 29
1331 34
1331 37
1332 0
1332 9
1332 14
1332 23
1332 24
1332 31
1332 40
1333 1
1333 9
1333 14
1333 23
1333 24
1333 31
1333 40
1334 2
1334 9
1334 14
1334 23
1334 24
1334 31
1334 40
1335 3
1335 9
1335 14
1335 23
1335 24
1335 31
1335 40
1336 4
1336 9
1336 14
1336 23
1336 24
1336 31
1336 40
1337 5
1337 9
1337 14
1337 23
1337 24
1337 31
1337 40
1338 0
1338 9
1338 14
1338 23
1338 24
1338 34
1338 37
1339 1
1339 9
1339 14
1339 23
1339 24
1339 34
1339 37
1340 2
1340 9
1340 14
1340 23
1340 24
1340 34
1340 37
1341 3
1341 9
1341 14
1341 23
1341 24
1341 34
1341 37
1342 4
1342 9
1342 14
1342 23
1342 24
1342 34
1342 37
1343 5
1343 9
1343 14
1343 23
1343 24
1343 34
1343 37
1344 0
1344 8
1344 17
1344 18
1344 27
1344 31
1344 40
1345 1
1345 8
1345 17
1345 18
1345 27
1345 31
1345 40
1346 2
1346 8
1346 17
1346 18
1346 27
1346 31
1346 40
1347 3
1347 8
1347 17
1347 18
1347 27
1347 31
1347 40
1348 4
1348 8
1348 17
1348 18
1348 27
1348 31
1348 40
1349 5
1349 8
1349 17
1349 18
1349 27
1349 31
1349 40
1350 0
1350 8
1350 17
1350 18
1350 27
1350 34
1350 37
1351 1
1351 8
1351 17
1351 18
1351 27
1351 34
1351 37
1352 2
1352 8
1352 17
1352 18
1352 27
1352 34
1352 37
1353 3
1353 8
1353 17
1353 18
1353 27
1353 34
1353 37
1354 4
1354 8
1354 17
1354 18
1354 27
1354 34
1354 37
1355 5
1355 8
1355 17
1355 18
1355 27
1355 34
1355 37
1356 0
1356 8
1356 17
1356 21
1356 24
1356 31
1356 40
1357 1
1357 8
1357 17
1357 21
1357 24
1357 31
1357 40
1358 2
1358 8
1358 17
1358 21
1358 24
1358 31
1358 40
1359 3
1359 8
1359 17
1359 21
1359 24
1359 31
1359 40
1360 4
1360 8
1360 17
1360 21
1360 24
1360 31
1360 40
1361 5
1361 8
1361 17
1361 21
1361 24
1361 31
1361 40
1362 0
1362 8
1362 17
1362 21
1362 24
1362 34
1362 37
1363 1
1363 8
1363 17
1363 21
1363 24
1363 34
1363 37
1364 2
1364 8
1364 17
1364 21
1364 24
1364 34
1364 37
1365 3
1365 8
1365 17
1365 21
1365 24
1365 34
1365 37
1366 4
1366 8
1366 17
1366 21
1366 24
1366 34
1366 37
1367 5
1367 8
1367 17
1367 21
1367 24
1367 34
1367 37
1368 0
1368 11
1368 14
1368 18
1368 27
1368 31
1368 40
1369 1
1369 11
1369 14
1369 18
1369 27
1369 31
1369 40
1370 2
1370 11
1370 14
1370 18
1370 27
1370 31
1370 40
1371 3
1371 11
1371 14
1371 18
1371 27
1371 31
1371 40
1372 4
1372 11
1372 14
1372 18
1372 27
1372 31
1372 40
1373 5
1373 11
1373 14
1373 18
1373 27
1373 31
1373 40
1374 0
1374 11
1374 14
1374 18
1374 27
1374 34
1374 37
1375 1
1375 11
1375 14
1375 18
1375 27
1375 34
1375 37
1376 2
1376 11
1376 14
1376 18
1376 27
1376 34
1376 37
1377 3
1377 11
1377 14
1377 18
1377 27
1377 34
1377 37
1378 4
1378 11
1378 14
1378 18
1378 27
1378 34
1378 37
1379 5
1379 11
1379 14
1379 18
1379 27
1379 34
1379 37
1380 0
1380 11
1380 14
1380 21
1380 24
1380 31
1380 40
1381 1
1381 11
1381 14
1381 21
1381 24
1381 31
1381 40
1382 2
1382 11
1382 14
1382 21
1382 24
1382 31
1382 40
1383 3
1383 11
1383 14
1383 21
1383 24
1383 31
1383 40
1384 4
1384 11
1384 14
1384 21
1384 24
1384 31
1384 40
1385 5
1385 11
1385 14
1385 21
1385 24
1385 31
1385 40
1386 0
1386 11
1386 14
1386 21
1386 24
1386 34
1386 37
1387 1
1387 11
1387 14
1387 21
1387 24
1387 34
1387 37
1388 2
1388 11
1388 14
1388 21
1388 24
1388 34
1388 37
1389 3
1389 11
1389 14
1389 21
1389 24
1389 34
1389 37
1390 4
1390 11
1390 14
1390 21
1390 24
1390 34
1390 37
1391 5
1391 11
1391 14
1391 21
1391 24
1391 34
1391 37
1392 0
1392 8
1392 17
1392 18
1392 28
1392 31
1392 39
1393 1
1393 8
1393 17
1393 18
1393 28
1393 31
1393 39
1394 2
1394 8
1394 17
1394 18
1394 28
1394 31
1394 39
1395 3
1395 8
1395 17
1395 18
1395 28
1395 31
1395 39
1396 4
1396 8
1396 17
1396 18
1396 28
1396 31
1396 39
1397 5
1397 8
1397 17
1397 18
1397 28
1397 31
1397 39
1398 0
1398 8
1398 17
1398 18
1398 28
1398 33
1398 37
1399 1
1399 8
1399 17
1399 18
1399 28
1399 33
1399 37
1400 2
1400 8
1400 17
1400 18
1400 28
1400 33
1400 37
1401 3
1401 8
1401 17
1401 18
1401 28
1401 33
1401 37
1402 4
1402 8
1402 17
1402 18
1402 28
1402 33
1402 37
1403 5
1403 8
1403 17
1403 18
1403 28
1403 33
1403 37
1404 0
1404 8
1404 17
1404 22
1404 24
1404 31
1404 39
1405 1
1405 8
1405 17
1405 22
1405 24
1405 31
1405 39
1406 2
1406 8
1406 17
1406 22
1406 24
1406 31
1406 39
1407 3
1407 8
1407 17
1407 22
1407 24
1407 31
1407 39
1408 4
1408 8
1408 17
1408 22
1408 24
1408 31
1408 39
1409 5
1409 8
1409 17
1409 22
1409 24
1409 31
1409 39
1410 0
1410 8
1410 17
1410 22
1410 24
1410 33
1410 37
1411 1
1411 8
1411 17
1411 22
1411 24
1411 33
1411 37
1412 2
1412 8
1412 17
1412 22
1412 24
1412 33
1412 37
1413 3
1413 8
1413 17
1413 22
1413 24
1413 33
1413 37
1414 4
1414 8
1414 17
1414 22
1414 24
1414 33
1414 37
1415 5
1415 8
1415 17
1415 22
1415 24
1415 33
1415 37
1416 0
1416 11
1416 14
1416 18
1416 28
1416 31
1416 39
1417 1
1417 11
1417 14
1417 18
1417 28
1417 31
1417 39
1418 2
1418 11
1418 14
1418 18
1418 28
1418 31
1418 39
1419 3
1419 11
1419 14
1419 18
1419 28
1419 31
1419 39
1420 4
1420 11
1420 14
1420 18
1420 28
1420 31
1420 39
1421 5
1421 11
1421 14
1421 18
1421 28
1421 31
1421 39
1422 0
1422 11
1422 14
1422 18
1422 28
1422 33
1422 37
1423 1
1423 11
1423 14
1423 18
1423 28
1423 33
1423 37
1424 2
1424 11
1424 14
1424 18
1424 28
1424 33
1424 37
1425 3
1425 11
1425 14
1425 18
1425 28
1425 33
1425 37
1426 4
1426 11
1426 14
1426 18
1426 28
1426 33
1426 37
1427 5
1427 11
1427 14
1427 18
1427 28
1427 33
1427 37
1428 0
1428 11
1428 14
1428 22
1428 24
1428 31
1428 39
1429 1
1429 11
1429 14
1429 22
1429 24
1429 31
1429 39
1430 2
1430 11
1430 14
1430 22
1430 24
1430 31
1430 39
1431 3
1431 11
1431 14
1431 22
1431 24
1431 31
1431 39
1432 4
1432 11
1432 14
1432 22
1432 24
1432 31
1432 39
1433 5
1433 11
1433 14
1433 22
1433 24
1433 31
1433 39
1434 0
1434 11
1434 14
1434 22
1434 24
1434 33
1434 37
1435 1
1435 11
1435 14
1435 22
1435 24
1435 33
1435 37
1436 2
1436 11
1436 14
1436 22
1436 24
1436 33
1436 37
1437 3
1437 11
1437 14
1437 22
1437 24
1437 33
1437 37
1438 4
1438 11
1438 14
1438 22
1438 24
1438 33
1438 37
1439 5
1439 11
1439 14
1439 22
1439 24
1439 33
1439 37
1440 0
1440 8
1440 15
1440 19
1440 28
1440 30
1440 41
1441 1
1441 8
1441 15
1441 19
1441 28
1441 30
1441 41
1442 2
1442 8
1442 15
1442 19
1442 28
1442 30
1442 41
1443 3
1443 8
1443 15
1443 19
1443 28
1443 30
1443 41
1444 4
1444 8
1444 15
1444 19
1444 28
1444 30
1444 41
1445 5
1445 8
1445 15
1445 19
1445 28
1445 30
1445 41
1446 0
1446 8
1446 15
1446 19
1446 28
1446 35
1446 36
1447 1
1447 8
1447 15
1447 19
1447 28
1447 35
1447 36
1448 2
1448 8
1448 15
1448 19
1448 28
1448 35
1448 36
1449 3
1449 8
1449 15
1449 19
1449 28
1449 35
1449 36
1450 4
1450 8
1450 15
1450 19
1450 28
1450 35
1450 36
1451 5
1451 8
1451 15
1451 19
1451 28
1451 35
1451 36
1452 0
1452 8
1452 15
1452 22
1452 25
1452 30
1452 41
1453 1
1453 8
1453 15
1453 22
1453 25
1453 30
1453 41
1454 2
1454 8
1454 15
1454 22
1454 25
1454 30
1454 41
1455 3
1455 8
1455 15
1455 22
1455 25
1455 30
1455 41
1456 4
1456 8
1456 15
1456 22
1456 25
1456 30
1456 41
1457 5
1457 8
1457 15
1457 22
1457 25
1457 30
1457 41
1458 0
1458 8
1458 15
1458 22
1458 25
1458 35
1458 36
1459 1
1459 8
1459 15
1459 22
1459 25
1459 35
1459 36
1460 2
1460 8
1460 15
1460 22
1460 25
1460 35
1460 36
1461 3
1461 8
1461 15
1461 22
1461 25
1461 35
1461 36
1462 4
1462 8
1462 15
1462 22
1462 25
1462 35
1462 36
1463 5
1463 8
1463 15
1463 22
1463 25
1463 35
1463 36
1464 0
1464 9
1464 14
1464 19
1464 28
1464 30
1464 41
1465 1
1465 9
1465 14
1465 19
1465 28
1465 30
1465 41
1466 2
1466 9
1466 14
1466 19
1466 28
1466 30
1466 41
1467 3
1467 9
1467 14
1467 19
1467 28
1467 30
1467 41
1468 4
1468 9
1468 14
1468 19
1468 28
1468 30
1468 41
1469 5
1469 9
1469 14
1469 19
1469 28
1469 30
1469 41
1470 0
1470 9
1470 14
1470 19
1470 28
1470 35
1470 36
1471 1
1471 9
1471 14
1471 19
1471 28
1471 35
1471 36
1472 2
1472 9
1472 14
1472 19
1472 28
1472 35
1472 36
1473 3
1473 9
1473 14
1473 19
1473 28
1473 35
1473 36
1474 4
1474 9
1474 14
1474 19
1474 28
1474 35
1474 36
1475 5
1475 9
1475 14
1475 19
1475 28
1475 35
1475 36
1476 0
1476 9
1476 14
1476 22
1476 25
1476 30
1476 41
1477 1
1477 9
1477 14
1477 22
1477 25
1477 30
1477 41
1478 2
1478 9
1478 14
1478 22
1478 25
1478 30
1478 41
1479 3
1479 9
1479 14
1479 22
1479 25
1479 30
1479 41
1480 4
1480 9
1480 14
1480 22
1480 25
1480 30
1480 41
1481 5
1481 9
1481 14
1481 22
1481 25
1481 30
1481 41
1482 0
1482 9
1482 14
1482 22
1482 25
1482 35
1482 36
1483 1
1483 9
1483 14
1483 22
1483 25
1483 35
1483 36
1484 2
1484 9
1484 14
1484 22
1484 25
1484 35
1484 36
1485 3
1485 9
1485 14
1485 22
1485 25
1485 35
1485 36
1486 4
1486 9
1486 14
1486 22
1486 25
1486 35
1486 36
1487 5
1487 9
1487 14
1487 22
1487 25
1487 35
1487 36
1488 0
1488 8
1488 16
1488 19
1488 27
1488 30
1488 41
1489 1
1489 8
1489 16
1489 19
1489 27
1489 30
1489 41
1490 2
1490 8
1490 16
1490 19
1490 27
1490 30
1490 41
1491 3
1491 8
1491 16
1491 19
1491 27
1491 30
1491 41
1492 4
1492 8
1492 16
1492 19
1492 27
1492 30
1492 41
1493 5
1493 8
1493 16
1493 19
1493 27
1493 30
1493 41
1494 0
1494 8
1494 16
1494 19
1494 27
1494 35
1494 36
1495 1
1495 8
1495 16
1495 19
1495 27
1495 35
1495 36
1496 2
1496 8
1496 16
1496 19
1496 27
1496 35
1496 36
1497 3
1497 8
1497 16
1497 19
1497 27
1497 35
1497 36
1498 4
1498 8
1498 16
1498 19
1498 27
1498 35
1498 36
1499 5
1499 8
1499 16
1499 19
1499 27
1499 35
1499 36
1500 0
1500 8
1500 16
1500 21
1500 25
1500 30
1500 41
1501 1
1501 8
1501 16
1501 21
1501 25
1501 30
1501 41
1502 2
1502 8
1502 16
1502 21
1502 25
1502 30
1502 41
1503 3
1503 8
1503 16
1503 21
1503 25
1503 30
1503 41
1504 4
1504 8
1504 16
1504 21
1504 25
1504 30
1504 41
1505 5
1505 8
1505 16
1505 21
1505 25
1505 30
1505 41
1506 0
1506 8
1506 16
1506 21
1506 25
1506 35
1506 36
1507 1
1507 8
1507 16
1507 21
1507 25
1507 35
1507 36
1508 2
1508 8
1508 16
1508 21
1508 25
1508 35
1508 36
1509 3
1509 8
1509 16
1509 21
1509 25
1509 35
1509 36
1510 4
1510 8
1510 16
1510 21
1510 25
1510 35
1510 36
1511 5
1511 8
1511 16
1511 21
1511 25
1511 35
1511 36
1512 0
1512 10
1512 14
1512 19
1512 27
1512 30
1512 41
1513 1
1513 10
1513 14
1513 19
1513 27
1513 30
1513 41
1514 2
1514 10
1514 14
1514 19
1514 27
1514 30
1514 41
1515 3
1515 10
1515 14
1515 19
1515 27
1515 30
1515 41
1516 4
1516 10
1516 14
1516 19
1516 27
1516 30
1516 41
1517 5
1517 10
1517 14
1517 19
1517 27
1517 30
1517 41
1518 0
1518 10
1518 14
1518 19
1518 27
1518 35
1518 36
1519 1
1519 10
1519 14
1519 19
1519 27
1519 35
1519 36
1520 2
1520 10
1520 14
1520 19
1520 27
1520 35
1520 36
1521 3
1521 10
1521 14
1521 19
1521 27
1521 35
1521 36
1522 4
1522 10
1522 14
1522 19
1522 27
1522 35
1522 36
1523 5
1523 10
1523 14
1523 19
1523 27
1523 35
1523 36
1524 0
1524 10
1524 14
1524 21
1524 25
1524 30
1524 41
1525 1
1525 10
1525 14
1525 21
1525 25
1525 30
1525 41
1526 2
1526 10
1526 14
1526 21
1526 25
1526 30
1526 41
1527 3
1527 10
1527 14
1527 21
1527 25
1527 30
1527 41
1528 4
1528 10
1528 14
1528 21
1528 25
1528 30
1528 41
1529 5
1529 10
1529 14
1529 21
1529 25
1529 30
1529 41
1530 0
1530 10
1530 14
1530 21
1530 25
1530 35
1530 36
1531 1
1531 10
1531 14
1531 21
1531 25
1531 35
1531 36
1532 2
1532 10
1532 14
1532 21
1532 25
1532 35
1532 36
1533 3
1533 10
1533 14
1533 21
1533 25
1533 35
1533 36
1534 4
1534 10
1534 14
1534 21
1534 25
1534 35
1534 36
1535 5
1535 10
1535 14
1535 21
1535 25
1535 35
1535 36
1536 0
1536 8
1536 16
1536 19
1536 29
1536 30
1536 39
1537 1
1537 8
1537 16
1537 19
1537 29
1537 30
1537 39
1538 2
1538 8
1538 16
1538 19
1538 29
1538 30
1538 39
1539 3
1539 8
1539 16
1539 19
1539 29
1539 30
1539 39
1540 4
1540 8
1540 16
1540 19
1540 29
1540 30
1540 39
1541 5
1541 8
1541 16
1541 19
1541 29
1541 30
1541 39
1542 0
1542 8
1542 16
1542 19
1542 29
1542 33
1542 36
1543 1
1543 8
1543 16
1543 19
1543 29
1543 33
1543 36
1544 2
1544 8
1544 16
1544 19
1544 29
1544 33
1544 36
1545 3
1545 8
1545 16
1545 19
1545 29
1545 33
1545 36
1546 4
1546 8
1546 16
1546 19
1546 29
1546 33
1546 36
1547 5
1547 8
1547 16
1547 19
1547 29
1547 33
1547 36
1548 0
1548 8
1548 16
1548 23
1548 25
1548 30
1548 39
1549 1
1549 8
1549 16
1549 23
1549 25
1549 30
1549 39
1550 2
1550 8
1550 16
1550 23
1550 25
1550 30
1550 39
1551 3
1551 8
1551 16
1551 23
1551 25
1551 30
1551 39
1552 4
1552 8
1552 16
1552 23
1552 25
1552 30
1552 39
1553 5
1553 8
1553 16
1553 23
1553 25
1553 30
1553 39
1554 0
1554 8
1554 16
1554 23
1554 25
1554 33
1554 36
1555 1
1555 8
1555 16
1555 23
1555 25
1555 33
1555 36
1556 2
1556 8
1556 16
1556 23
1556 25
1556 33
1556 36
1557 3
1557 8
1557 16
1557 23
1557 25
1557 33
1557 36
1558 4
1558 8
1558 16
1558 23
1558 25
1558 33
1558 36
1559 5
1559 8
1559 16
1559 23
1559 25
1559 33
1559 36
1560 0
1560 10
1560 14
1560 19
1560 29
1560 30
1560 39
1561 1
1561 10
1561 14
1561 19
1561 29
1561 30
1561 39
1562 2
1562 10
1562 14
1562 19
1562 29
1562 30
1562 39
1563 3
1563 10
1563 14
1563 19
1563 29
1563 30
1563 39
1564 4
1564 10
1564 14
1564 19
1564 29
1564 30
1564 39
1565 5
1565 10
1565 14
1565 19
1565 29
1565 30
1565 39
1566 0
1566 10
1566 14
1566 19
1566 29
1566 33
1566 36
1567 1
1567 10
1567 14
1567 19
1567 29
1567 33
1567 36
1568 2
1568 10
1568 14
1568 19
1568 29
1568 33
1568 36
1569 3
1569 10
1569 14
1569 19
1569 29
1569 33
1569 36
1570 4
1570 10
1570 14
1570 19
1570 29
1570 33
1570 36
1571 5
1571 10
1571 14
1571 19
1571 29
1571 33
1571 36
1572 0
1572 10
1572 14
1572 23
1572 25
1572 30
1572 39
1573 1
1573 10
1573 14
1573 23
1573 25
1573 30
1573 39
1574 2
1574 10
1574 14
1574 23
1574 25
1574 30
1574 39
1575 3
1575 10
1575 14
1575 23
1575 25
1575 30
1575 39
1576 4
1576 10
1576 14
1576 23
1576 25
1576 30
1576 39
1577 5
1577 10
1577 14
1577 23
1577 25
1577 30
1577 39
1578 0
1578 10
1578 14
1578 23
1578 25
1578 33
1578 36
1579 1
1579 10
1579 14
1579 23
1579 25
1579 33
1579 36
1580 2
1580 10
1580 14
1580 23
1580 25
1580 33
1580 36
1581 3
1581 10
1581 14
1581 23
1581 25
1581 33
1581 36
1582 4
1582 10
1582 14
1582 23
1582 25
1582 33
1582 36
1583 5
1583 10
1583 14
1583 23
1583 25
1583 33
1583 36
1584 0
1584 8
1584 15
1584 19
1584 29
1584 30
1584 40
1585 1
1585 8
1585 15
1585 19
1585 29
1585 30
1585 40
1586 2
1586 8
1586 15
1586 19
1586 29
1586 30
1586 40
1587 3
1587 8
1587 15
1587 19
1587 29
1587 30
1587 40
1588 4
1588 8
1588 15
1588 19
1588 29
1588 30
1588 40
1589 5
1589 8
1589 15
1589 19
1589 29
1589 30
1589 40
1590 0
1590 8
1590 15
1590 19
1590 29
1590 34
1590 36
1591 1
1591 8
1591 15
1591 19
1591 29
1591 34
1591 36
1592 2
1592 8
1592 15
1592 19
1592 29
1592 34
1592 36
1593 3
1593 8
1593 15
1593 19
1593 29
1593 34
1593 36
1594 4
1594 8
1594 15
1594 19
1594 29
1594 34
1594 36
1595 5
1595 8
1595 15
1595 19
1595 29
1595 34
1595 36
1596 0
1596 8
1596 15
1596 23
1596 25
1596 30
1596 40
1597 1
1597 8
1597 15
1597 23
1597 25
1597 30
1597 40
1598 2
1598 8
1598 15
1598 23
1598 25
1598 30
1598 40
1599 3
1599 8
1599 15
1599 23
1599 25
1599 30
1599 40
1600 4
1600 8
1600 15
1600 23
1600 25
1600 30
1600 40
1601 5
1601 8
1601 15
1601 23
1601 25
1601 30
1601 40
1602 0
1602 8
1602 15
1602 23
1602 25
1602 34
1602 36
1603 1
1603 8
1603 15
1603 23
1603 25
1603 34
1603 36
1604 2
1604 8
1604 15
1604 23
1604 25
1604 34
1604 36
1605 3
1605 8
1605 15
1605 23
1605 25
1605 34
1605 36
1606 4
1606 8
1606 15
1606 23
1606 25
1606 34
1606 36
1607 5
1607 8
1607 15
1607 23
1607 25
1607 34
1607 36
1608 0
1608 9
1608 14
1608 19
1608 29
1608 30
1608 40
1609 1
1609 9
1609 14
1609 19
1609 29
1609 30
1609 40
1610 2
1610 9
1610 14
1610 19
1610 29
1610 30
1610 40
1611 3
1611 9
1611 14
1611 19
1611 29
1611 30
1611 40
1612 4
1612 9
1612 14
1612 19
1612 29
1612 30
1612 40
1613 5
1613 9
1613 14
1613 19
1613 29
1613 30
1613 40
1614 0
1614 9
1614 14
1614 19
1614 29
1614 34
1614 36
1615 1
1615 9
1615 14
1615 19
1615 29
1615 34
1615 36
1616 2
1616 9
1616 14
1616 19
1616 29
1616 34
1616 36
1617 3
1617 9
1617 14
1617 19
1617 29
1617 34
1617 36
1618 4
1618 9
1618 14
1618 19
1618 29
1618 34
1618 36
1619 5
1619 9
1619 14
1619 19
1619 29
1619 34
1619 36
1620 0
1620 9
1620 14
1620 23
1620 25
1620 30
1620 40
1621 1
1621 9
1621 14
1621 23
1621 25
1621 30
1621 40
1622 2
1622 9
1622 14
1622 23
1622 25
1622 30
1622 40
1623 3
1623 9
1623 14
1623 23
1623 25
1623 30
1623 40
1624 4
1624 9
1624 14
1624 23
1624 25
1624 30
1624 40
1625 5
1625 9
1625 14
1625 23
1625 25
1625 30
1625 40
1626 0
1626 9
1626 14
1626 23
1626 25
1626 34
1626 36
1627 1
1627 9
1627 14
1627 23
1627 25
1627 34
1627 36
1628 2
1628 9
1628 14
1628 23
1628 25
1628 34
1628 36
1629 3
1629 9
1629 14
1629 23
1629 25
1629 34
1629 36
1630 4
1630 9
1630 14
1630 23
1630 25
1630 34
1630 36
1631 5
1631 9
1631 14
1631 23
1631 25
1631 34
1631 36
1632 0
1632 8
1632 17
1632 19
1632 27
1632 30
1632 40
1633 1
1633 8
1633 17
1633 19
1633 27
1633 30
1633 40
1634 2
1634 8
1634 17
1634 19
1634 27
1634 30
1634 40
1635 3
1635 8
1635 17
1635 19
1635 27
1635 30
1635 40
1636 4
1636 8
1636 17
1636 19
1636 27
1636 30
1636 40
1637 5
1637 8
1637 17
1637 19
1637 27
1637 30
1637 40
1638 0
1638 8
1638 17
1638 19
1638 27
1638 34
1638 36
1639 1
1639 8
1639 17
1639 19
1639 27
1639 34
1639 36
1640 2
1640 8
1640 17
1640 19
1640 27
1640 34
1640 36
1641 3
1641 8
1641 17
1641 19
1641 27
1641 34
1641 36
1642 4
1642 8
1642 17
1642 19
1642 27
1642 34
1642 36
1643 5
1643 8
1643 17
1643 19
1643 27
1643 34
1643 36
1644 0
1644 8
1644 17
1644 21
1644 25
1644 30
1644 40
1645 1
1645 8
1645 17
1645 21
1645 25
1645 30
1645 40
1646 2
1646 8
1646 17
1646 21
1646 25
1646 30
1646 40
1647 3
1647 8
1647 17
1647 21
1647 25
1647 30
1647 40
1648 4
1648 8
1648 17
1648 21
1648 25
1648 30
1648 40
1649 5
1649 8
1649 17
1649 21
1649 25
1649 30
1649 40
1650 0
1650 8
1650 17
1650 21
1650 25
1650 34
1650 36
1651 1
1651 8
1651 17
1651 21
1651 25
1651 34
1651 36
1652 2
1652 8
1652 17
1652 21
1652 25
1652 34
1652 36
1653 3
1653 8
1653 17
1653 21
1653 25
1653 34
1653 36
1654 4
1654 8
1654 17
1654 21
1654 25
1654 34
1654 36
1655 5
1655 8
1655 17
1655 21
1655 25
1655 34
1655 36
1656 0
1656 11
1656 14
1656 19
1656 27
1656 30
1656 40
1657 1
1657 11
1657 14
1657 19
1657 27
1657 30
1657 40
1658 2
1658 11
1658 14
1658 19
1658 27
1658 30
1658 40
1659 3
1659 11
1659 14
1659 19
1659 27
1659 30
1659 40
1660 4
1660 11
1660 14
1660 19
1660 27
1660 30
1660 40
1661 5
1661 11
1661 14
1661 19
1661 27
1661 30
1661 40
1662 0
1662 11
1662 14
1662 19
1662 27
1662 34
1662 36
1663 1
1663 11
1663 14
1663 19
1663 27
1663 34
1663 36
1664 2
1664 11
1664 14
1664 19
1664 27
1664 34
1664 36
1665 3
1665 11
1665 14
1665 19
1665 27
1665 34
1665 36
1666 4
1666 11
1666 14
1666 19
1666 27
1666 34
1666 36
1667 5
1667 11
1667 14
1667 19
1667 27
1667 34
1667 36
1668 0
1668 11
1668 14
1668 21
1668 25
1668 30
1668 40
1669 1
1669 11
1669 14
1669 21
1669 25
1669 30
1669 40
1670 2
1670 11
1670 14
1670 21
1670 25
1670 30
1670 40
1671 3
1671 11
1671 14
1671 21
1671 25
1671 30
1671 40
1672 4
1672 11
1672 14
1672 21
1672 25
1672 30
1672 40
1673 5
1673 11
1673 14
1673 21
1673 25
1673 30
1673 40
1674 0
1674 11
1674 14
1674 21
1674 25
1674 34
1674 36
1675 1
1675 11
1675 14
1675 21
1675 25
1675 34
1675 36
1676 2
1676 11
1676 14
1676 21
1676 25
1676 34
1676 36
1677 3
1677 11
1677 14
1677 21
1677 25
1677 34
1677 36
1678 4
1678 11
1678 14
1678 21
1678 25
1678 34
1678 36
1679 5
1679 11
1679 14
1679 21
1679 25
1679 34
1679 36
1680 0
1680 8
1680 17
1680 19
1680 28
1680 30
1680 39
1681 1
1681 8
1681 17
1681 19
1681 28
1681 30
1681 39
1682 2
1682 8
1682 17
1682 19
1682 28
1682 30
1682 39
1683 3
1683 8
1683 17
1683 19
1683 28
1683 30
1683 39
1684 4
1684 8
1684 17
1684 19
1684 28
1684 30
1684 39
1685 5
1685 8
1685 17
1685 19
1685 28
1685 30
1685 39
1686 0
1686 8
1686 17
1686 19
1686 28
1686 33
1686 36
1687 1
1687 8
1687 17
1687 19
1687 28
1687 33
1687 36
1688 2
1688 8
1688 17
1688 19
1688 28
1688 33
1688 36
1689 3
1689 8
1689 17
1689 19
1689 28
1689 33
1689 36
1690 4
1690 8
1690 17
1690 19
1690 28
1690 33
1690 36
1691 5
1691 8
1691 17
1691 19
1691 28
1691 33
1691 36
1692 0
1692 8
1692 17
1692 22
1692 25
1692 30
1692 39
1693 1
1693 8
1693 17
1693 22
1693 25
1693 30
1693 39
1694 2
1694 8
1694 17
1694 22
1694 25
1694 30
1694 39
1695 3
1695 8
1695 17
1695 22
1695 25
1695 30
1695 39
1696 4
1696 8
1696 17
1696 22
1696 25
1696 30
1696 39
1697 5
1697 8
1697 17
1697 22
1697 25
1697 30
1697 39
1698 0
1698 8
1698 17
1698 22
1698 25
1698 33
1698 36
1699 1
1699 8
1699 17
1699 22
1699 25
1699 33
1699 36
1700 2
1700 8
1700 17
1700 22
1700 25
1700 33
1700 36
1701 3
1701 8
1701 17
1701 22
1701 25
1701 33
1701 36
1702 4
1702 8
1702 17
1702 22
1702 25
1702 33
1702 36
1703 5
1703 8
1703 17
1703 22
1703 25
1703 33
1703 36
1704 0
1704 11
1704 14
1704 19
1704 28
1704 30
1704 39
1705 1
1705 11
1705 14
1705 19
1705 28
1705 30
1705 39
1706 2
1706 11
1706 14
1706 19
1706 28
1706 30
1706 39
1707 3
1707 11
1707 14
1707 19
1707 28
1707 30
1707 39
1708 4
1708 11
1708 14
1708 19
1708 28
1708 30
1708 39
1709 5
1709 11
1709 14
1709 19
1709 28
1709 30
1709 39
1710 0
1710 11
1710 14
1710 19
1710 28
1710 33
1710 36
1711 1
1711 11
1711 14
1711 19
1711 28
1711 33
1711 36
1712 2
1712 11
1712 14
1712 19
1712 28
1712 33
1712 36
1713 3
1713 11
1713 14
1713 19
1713 28
1713 33
1713 36
1714 4
1714 11
1714 14
1714 19
1714 28
1714 33
1714 36
1715 5
1715 11
1715 14
1715 19
1715 28
1715 33
1715 36
1716 0
1716 11
1716 14
1716 22
1716 25
1716 30
1716 39
1717 1
1717 11
1717 14
1717 22
1717 25
1717 30
1717 39
1718 2
1718 11
1718 14
1718 22
1718 25
1718 30
1718 39
1719 3
1719 11
1719 14
1719 22
1719 25
1719 30
1719 39
1720 4
1720 11
1720 14
1720 22
1720 25
1720 30
1720 39
1721 5
1721 11
1721 14
1721 22
1721 25
1721 30
1721 39
1722 0
1722 11
1722 14
1722 22
1722 25
1722 33
1722 36
1723 1
1723 11
1723 14
1723 22
1723 25
1723 33
1723 36
1724 2
1724 11
1724 14
1724 22
1724 25
1724 33
1724 36
1725 3
1725 11
1725 14
1725 22
1725 25
1725 33
1725 36
1726 4
1726 11
1726 14
1726 22
1726 25
1726 33
1726 36
1727 5
1727 11
1727 14
1727 22
1727 25
1727 33
1727 36
