2
4
4
4
3
15
7
0
11
16
0
0
12
0
0
0
0
0
0
0
0
12
0
3
10
14
0
0
1
0
16
6
15
0
2
13
0
0
14
9
0
8
0
11
0
0
0
0
4
12
0
10
0
0
0
0
0
5
0
4
0
3
2
0
7
8
0
3
0
9
0
5
0
13
0
6
0
15
12
0
10
2
0
0
15
0
16
11
0
6
10
0
2
1
9
0
14
0
0
0
0
0
10
8
0
0
0
0
0
0
7
9
0
16
15
7
0
0
0
0
0
15
0
10
0
13
0
0
0
0
0
15
0
0
0
6
8
0
0
2
9
0
11
0
0
0
0
8
6
2
3
0
0
0
11
0
0
12
0
7
0
0
4
0
0
0
9
0
5
0
0
1
0
8
0
2
6
15
14
1
4
0
12
7
0
9
15
13
0
10
0
8
16
11
5
14
16
3
15
1
9
0
5
0
13
7
0
10
2
0
0
2
0
0
0
4
16
0
0
5
3
0
0
15
0
0
0
0
8
4
0
13
6
7
0
9
0
2
15
12
0
0
0
0
7
0
0
15
14
12
2
0
0
11
6
0
1
5
8
